26 	22 	0.541666666667
6 	6 	0.5
18 	13 	0.58064516129
20 	17 	0.540540540541
59 	115 	0.33908045977
27 	2 	0.931034482759
28 	32 	0.466666666667
48 	73 	0.396694214876
22 	15 	0.594594594595
14 	20 	0.411764705882
96 	94 	0.505263157895
8 	14 	0.363636363636
21 	12 	0.636363636364
71 	77 	0.47972972973
57 	27 	0.678571428571
39 	33 	0.541666666667
14 	2 	0.875
75 	37 	0.669642857143
77 	55 	0.583333333333
31 	19 	0.62
36 	27 	0.571428571429
91 	98 	0.481481481481
48 	26 	0.648648648649
9 	8 	0.529411764706
44 	23 	0.65671641791
65 	23 	0.738636363636
80 	32 	0.714285714286
11 	9 	0.55
19 	21 	0.475
29 	25 	0.537037037037
12 	20 	0.375
26 	19 	0.577777777778
21 	11 	0.65625
24 	42 	0.363636363636
88 	67 	0.567741935484
57 	21 	0.730769230769
46 	61 	0.429906542056
41 	11 	0.788461538462
9 	10 	0.473684210526
17 	18 	0.485714285714
28 	23 	0.549019607843
88 	35 	0.715447154472
34 	24 	0.586206896552
503 	58 	0.896613190731
12 	5 	0.705882352941
120 	42 	0.740740740741
59 	141 	0.295
26 	7 	0.787878787879
86 	37 	0.69918699187
78 	44 	0.639344262295
42 	57 	0.424242424242
42 	28 	0.6
10 	10 	0.5
177 	30 	0.855072463768
24 	36 	0.4
51 	19 	0.728571428571
483 	382 	0.55838150289
27 	84 	0.243243243243
112 	31 	0.783216783217
9 	18 	0.333333333333
44 	19 	0.698412698413
64 	32 	0.666666666667
49 	32 	0.604938271605
167 	165 	0.503012048193
136 	51 	0.727272727273
120 	44 	0.731707317073
17 	6 	0.739130434783
12 	20 	0.375
20 	23 	0.46511627907
22 	28 	0.44
13 	3 	0.8125
17 	10 	0.62962962963
62 	8 	0.885714285714
54 	30 	0.642857142857
30 	16 	0.652173913043
16 	1 	0.941176470588
16 	2 	0.888888888889
26 	25 	0.509803921569
17 	11 	0.607142857143
65 	61 	0.515873015873
60 	78 	0.434782608696
12 	6 	0.666666666667
10 	18 	0.357142857143
46 	5 	0.901960784314
30 	16 	0.652173913043
17 	9 	0.653846153846
19 	16 	0.542857142857
53 	3 	0.946428571429
3 	12 	0.2
34 	18 	0.653846153846
35 	46 	0.432098765432
14 	22 	0.388888888889
23 	23 	0.5
27 	1 	0.964285714286
82 	79 	0.509316770186
95 	45 	0.678571428571
16 	14 	0.533333333333
77 	2 	0.974683544304
337 	6 	0.98250728863
21 	22 	0.488372093023
