19 	29 	0.395833333333
16 	15 	0.516129032258
21 	16 	0.567567567568
72 	102 	0.413793103448
27 	2 	0.931034482759
29 	31 	0.483333333333
52 	69 	0.429752066116
16 	21 	0.432432432432
16 	18 	0.470588235294
105 	85 	0.552631578947
5 	17 	0.227272727273
23 	10 	0.69696969697
62 	86 	0.418918918919
60 	24 	0.714285714286
41 	31 	0.569444444444
60 	52 	0.535714285714
81 	51 	0.613636363636
30 	20 	0.6
41 	22 	0.650793650794
100 	89 	0.529100529101
43 	31 	0.581081081081
11 	6 	0.647058823529
41 	26 	0.611940298507
61 	27 	0.693181818182
87 	25 	0.776785714286
12 	8 	0.6
21 	19 	0.525
26 	28 	0.481481481481
9 	23 	0.28125
28 	17 	0.622222222222
16 	16 	0.5
29 	37 	0.439393939394
84 	71 	0.541935483871
51 	27 	0.653846153846
53 	54 	0.495327102804
32 	20 	0.615384615385
5 	14 	0.263157894737
19 	16 	0.542857142857
31 	20 	0.607843137255
95 	28 	0.772357723577
27 	31 	0.465517241379
491 	70 	0.875222816399
11 	6 	0.647058823529
120 	42 	0.740740740741
65 	135 	0.325
21 	12 	0.636363636364
92 	31 	0.747967479675
82 	40 	0.672131147541
46 	53 	0.464646464646
34 	36 	0.485714285714
7 	13 	0.35
170 	37 	0.821256038647
25 	35 	0.416666666667
50 	20 	0.714285714286
486 	379 	0.561849710983
30 	81 	0.27027027027
97 	46 	0.678321678322
9 	18 	0.333333333333
39 	24 	0.619047619048
64 	32 	0.666666666667
43 	38 	0.530864197531
173 	159 	0.521084337349
130 	57 	0.695187165775
102 	62 	0.621951219512
11 	12 	0.478260869565
9 	23 	0.28125
21 	22 	0.488372093023
21 	29 	0.42
12 	15 	0.444444444444
62 	8 	0.885714285714
44 	40 	0.52380952381
27 	19 	0.586956521739
16 	1 	0.941176470588
15 	3 	0.833333333333
27 	24 	0.529411764706
11 	17 	0.392857142857
76 	50 	0.603174603175
78 	60 	0.565217391304
10 	8 	0.555555555556
15 	13 	0.535714285714
46 	5 	0.901960784314
28 	18 	0.608695652174
20 	6 	0.769230769231
21 	14 	0.6
52 	4 	0.928571428571
31 	21 	0.596153846154
27 	54 	0.333333333333
16 	20 	0.444444444444
19 	27 	0.413043478261
27 	1 	0.964285714286
77 	84 	0.478260869565
93 	47 	0.664285714286
14 	16 	0.466666666667
77 	2 	0.974683544304
338 	5 	0.985422740525
17 	26 	0.395348837209
