24 	24 	0.5
8 	4 	0.666666666667
17 	14 	0.548387096774
20 	17 	0.540540540541
76 	98 	0.436781609195
27 	2 	0.931034482759
30 	30 	0.5
51 	70 	0.421487603306
21 	16 	0.567567567568
17 	17 	0.5
100 	90 	0.526315789474
11 	11 	0.5
23 	10 	0.69696969697
77 	71 	0.52027027027
62 	22 	0.738095238095
48 	24 	0.666666666667
13 	3 	0.8125
73 	39 	0.651785714286
86 	46 	0.651515151515
36 	14 	0.72
44 	19 	0.698412698413
104 	85 	0.550264550265
43 	31 	0.581081081081
12 	5 	0.705882352941
38 	29 	0.567164179104
58 	30 	0.659090909091
91 	21 	0.8125
5 	15 	0.25
17 	23 	0.425
27 	27 	0.5
15 	17 	0.46875
26 	19 	0.577777777778
21 	11 	0.65625
31 	35 	0.469696969697
92 	63 	0.593548387097
48 	30 	0.615384615385
53 	54 	0.495327102804
37 	15 	0.711538461538
8 	11 	0.421052631579
16 	19 	0.457142857143
27 	24 	0.529411764706
95 	28 	0.772357723577
31 	27 	0.534482758621
513 	48 	0.914438502674
11 	6 	0.647058823529
123 	39 	0.759259259259
64 	136 	0.32
27 	6 	0.818181818182
92 	31 	0.747967479675
85 	37 	0.696721311475
61 	38 	0.616161616162
40 	30 	0.571428571429
7 	13 	0.35
176 	31 	0.850241545894
25 	35 	0.416666666667
51 	19 	0.728571428571
504 	361 	0.582658959538
31 	80 	0.279279279279
106 	37 	0.741258741259
6 	21 	0.222222222222
44 	19 	0.698412698413
61 	35 	0.635416666667
49 	32 	0.604938271605
183 	149 	0.551204819277
140 	47 	0.748663101604
112 	52 	0.682926829268
8 	15 	0.347826086957
9 	23 	0.28125
21 	22 	0.488372093023
26 	24 	0.52
14 	2 	0.875
15 	12 	0.555555555556
63 	7 	0.9
51 	33 	0.607142857143
26 	20 	0.565217391304
16 	1 	0.941176470588
15 	3 	0.833333333333
26 	25 	0.509803921569
10 	18 	0.357142857143
71 	55 	0.563492063492
81 	57 	0.586956521739
11 	7 	0.611111111111
5 	23 	0.178571428571
46 	5 	0.901960784314
27 	19 	0.586956521739
20 	6 	0.769230769231
24 	11 	0.685714285714
52 	4 	0.928571428571
7 	8 	0.466666666667
34 	18 	0.653846153846
32 	49 	0.395061728395
19 	17 	0.527777777778
21 	25 	0.45652173913
27 	1 	0.964285714286
87 	74 	0.540372670807
104 	36 	0.742857142857
15 	15 	0.5
77 	2 	0.974683544304
338 	5 	0.985422740525
18 	25 	0.418604651163
