22 	26 	0.458333333333
7 	5 	0.583333333333
19 	12 	0.612903225806
22 	15 	0.594594594595
100 	74 	0.574712643678
27 	2 	0.931034482759
40 	20 	0.666666666667
61 	60 	0.504132231405
14 	23 	0.378378378378
21 	13 	0.617647058824
97 	93 	0.510526315789
12 	10 	0.545454545455
26 	7 	0.787878787879
81 	67 	0.547297297297
59 	25 	0.702380952381
47 	25 	0.652777777778
13 	3 	0.8125
64 	48 	0.571428571429
87 	45 	0.659090909091
41 	9 	0.82
42 	21 	0.666666666667
120 	69 	0.634920634921
52 	22 	0.702702702703
12 	5 	0.705882352941
50 	17 	0.746268656716
60 	28 	0.681818181818
90 	22 	0.803571428571
8 	12 	0.4
22 	18 	0.55
26 	28 	0.481481481481
17 	15 	0.53125
19 	26 	0.422222222222
24 	8 	0.75
32 	34 	0.484848484848
82 	73 	0.529032258065
53 	25 	0.679487179487
61 	46 	0.570093457944
36 	16 	0.692307692308
10 	9 	0.526315789474
18 	17 	0.514285714286
30 	21 	0.588235294118
93 	30 	0.756097560976
38 	20 	0.655172413793
515 	46 	0.918003565062
10 	7 	0.588235294118
131 	31 	0.808641975309
85 	115 	0.425
26 	7 	0.787878787879
97 	26 	0.788617886179
95 	27 	0.77868852459
64 	35 	0.646464646465
44 	26 	0.628571428571
14 	6 	0.7
178 	29 	0.859903381643
37 	23 	0.616666666667
54 	16 	0.771428571429
524 	341 	0.605780346821
36 	75 	0.324324324324
107 	36 	0.748251748252
5 	22 	0.185185185185
49 	14 	0.777777777778
70 	26 	0.729166666667
54 	27 	0.666666666667
214 	118 	0.644578313253
142 	45 	0.75935828877
122 	42 	0.743902439024
16 	7 	0.695652173913
14 	18 	0.4375
30 	13 	0.697674418605
34 	16 	0.68
13 	3 	0.8125
12 	15 	0.444444444444
62 	8 	0.885714285714
57 	27 	0.678571428571
28 	18 	0.608695652174
16 	1 	0.941176470588
15 	3 	0.833333333333
39 	12 	0.764705882353
17 	11 	0.607142857143
71 	55 	0.563492063492
82 	56 	0.594202898551
12 	6 	0.666666666667
11 	17 	0.392857142857
46 	5 	0.901960784314
33 	13 	0.717391304348
20 	6 	0.769230769231
23 	12 	0.657142857143
52 	4 	0.928571428571
5 	10 	0.333333333333
35 	17 	0.673076923077
38 	43 	0.469135802469
19 	17 	0.527777777778
24 	22 	0.521739130435
27 	1 	0.964285714286
101 	60 	0.627329192547
98 	42 	0.7
16 	14 	0.533333333333
77 	2 	0.974683544304
338 	5 	0.985422740525
25 	18 	0.581395348837
