19 	29 	0.395833333333
7 	5 	0.583333333333
16 	15 	0.516129032258
24 	13 	0.648648648649
79 	95 	0.454022988506
27 	2 	0.931034482759
33 	27 	0.55
40 	81 	0.330578512397
22 	15 	0.594594594595
19 	15 	0.558823529412
87 	103 	0.457894736842
8 	14 	0.363636363636
20 	13 	0.606060606061
69 	79 	0.466216216216
60 	24 	0.714285714286
40 	32 	0.555555555556
13 	3 	0.8125
67 	45 	0.598214285714
76 	56 	0.575757575758
34 	16 	0.68
39 	24 	0.619047619048
110 	79 	0.582010582011
49 	25 	0.662162162162
9 	8 	0.529411764706
43 	24 	0.641791044776
64 	24 	0.727272727273
83 	29 	0.741071428571
9 	11 	0.45
17 	23 	0.425
25 	29 	0.462962962963
14 	18 	0.4375
21 	24 	0.466666666667
20 	12 	0.625
25 	41 	0.378787878788
71 	84 	0.458064516129
50 	28 	0.641025641026
51 	56 	0.476635514019
39 	13 	0.75
6 	13 	0.315789473684
11 	24 	0.314285714286
26 	25 	0.509803921569
95 	28 	0.772357723577
27 	31 	0.465517241379
514 	47 	0.916221033868
11 	6 	0.647058823529
109 	53 	0.672839506173
65 	135 	0.325
18 	15 	0.545454545455
92 	31 	0.747967479675
81 	41 	0.66393442623
62 	37 	0.626262626263
37 	33 	0.528571428571
8 	12 	0.4
166 	41 	0.80193236715
27 	33 	0.45
48 	22 	0.685714285714
468 	397 	0.541040462428
39 	72 	0.351351351351
102 	41 	0.713286713287
6 	21 	0.222222222222
41 	22 	0.650793650794
61 	35 	0.635416666667
50 	31 	0.617283950617
154 	178 	0.463855421687
137 	50 	0.732620320856
104 	60 	0.634146341463
12 	11 	0.521739130435
9 	23 	0.28125
21 	22 	0.488372093023
26 	24 	0.52
13 	3 	0.8125
13 	14 	0.481481481481
60 	10 	0.857142857143
43 	41 	0.511904761905
29 	17 	0.630434782609
16 	1 	0.941176470588
14 	4 	0.777777777778
21 	30 	0.411764705882
10 	18 	0.357142857143
78 	48 	0.619047619048
84 	54 	0.608695652174
11 	7 	0.611111111111
10 	18 	0.357142857143
42 	9 	0.823529411765
31 	15 	0.673913043478
17 	9 	0.653846153846
26 	9 	0.742857142857
48 	8 	0.857142857143
4 	11 	0.266666666667
27 	25 	0.519230769231
38 	43 	0.469135802469
14 	22 	0.388888888889
18 	28 	0.391304347826
27 	1 	0.964285714286
79 	82 	0.490683229814
97 	43 	0.692857142857
14 	16 	0.466666666667
77 	2 	0.974683544304
338 	5 	0.985422740525
19 	24 	0.441860465116
