25 	23 	0.520833333333
17 	14 	0.548387096774
21 	16 	0.567567567568
101 	73 	0.580459770115
27 	2 	0.931034482759
36 	24 	0.6
60 	61 	0.495867768595
16 	21 	0.432432432432
16 	18 	0.470588235294
104 	86 	0.547368421053
5 	17 	0.227272727273
23 	10 	0.69696969697
91 	57 	0.614864864865
65 	19 	0.77380952381
48 	24 	0.666666666667
75 	37 	0.669642857143
88 	44 	0.666666666667
34 	16 	0.68
43 	20 	0.68253968254
102 	87 	0.539682539683
53 	21 	0.716216216216
12 	5 	0.705882352941
41 	26 	0.611940298507
64 	24 	0.727272727273
91 	21 	0.8125
9 	11 	0.45
24 	16 	0.6
28 	26 	0.518518518519
20 	12 	0.625
28 	17 	0.622222222222
18 	14 	0.5625
26 	40 	0.393939393939
94 	61 	0.606451612903
54 	24 	0.692307692308
61 	46 	0.570093457944
37 	15 	0.711538461538
7 	12 	0.368421052632
16 	19 	0.457142857143
27 	24 	0.529411764706
87 	36 	0.707317073171
29 	29 	0.5
534 	27 	0.951871657754
13 	4 	0.764705882353
125 	37 	0.771604938272
80 	120 	0.4
29 	4 	0.878787878788
91 	32 	0.739837398374
97 	25 	0.795081967213
60 	39 	0.606060606061
40 	30 	0.571428571429
10 	10 	0.5
177 	30 	0.855072463768
35 	25 	0.583333333333
53 	17 	0.757142857143
536 	329 	0.619653179191
43 	68 	0.387387387387
111 	32 	0.776223776224
10 	17 	0.37037037037
48 	15 	0.761904761905
66 	30 	0.6875
52 	29 	0.641975308642
208 	124 	0.626506024096
143 	44 	0.764705882353
123 	41 	0.75
15 	8 	0.652173913043
11 	21 	0.34375
30 	13 	0.697674418605
27 	23 	0.54
13 	14 	0.481481481481
63 	7 	0.9
59 	25 	0.702380952381
34 	12 	0.739130434783
16 	1 	0.941176470588
15 	3 	0.833333333333
31 	20 	0.607843137255
16 	12 	0.571428571429
79 	47 	0.626984126984
86 	52 	0.623188405797
11 	7 	0.611111111111
12 	16 	0.428571428571
46 	5 	0.901960784314
34 	12 	0.739130434783
20 	6 	0.769230769231
17 	18 	0.485714285714
54 	2 	0.964285714286
37 	15 	0.711538461538
40 	41 	0.493827160494
21 	15 	0.583333333333
23 	23 	0.5
27 	1 	0.964285714286
89 	72 	0.552795031056
104 	36 	0.742857142857
19 	11 	0.633333333333
77 	2 	0.974683544304
338 	5 	0.985422740525
20 	23 	0.46511627907
