20 	28 	0.416666666667
5 	7 	0.416666666667
17 	14 	0.548387096774
21 	16 	0.567567567568
77 	97 	0.442528735632
27 	2 	0.931034482759
25 	35 	0.416666666667
45 	76 	0.371900826446
21 	16 	0.567567567568
16 	18 	0.470588235294
101 	89 	0.531578947368
7 	15 	0.318181818182
20 	13 	0.606060606061
62 	86 	0.418918918919
62 	22 	0.738095238095
48 	24 	0.666666666667
13 	3 	0.8125
69 	43 	0.616071428571
80 	52 	0.606060606061
31 	19 	0.62
43 	20 	0.68253968254
106 	83 	0.560846560847
40 	34 	0.540540540541
11 	6 	0.647058823529
39 	28 	0.582089552239
64 	24 	0.727272727273
92 	20 	0.821428571429
6 	14 	0.3
22 	18 	0.55
29 	25 	0.537037037037
12 	20 	0.375
26 	19 	0.577777777778
15 	17 	0.46875
29 	37 	0.439393939394
82 	73 	0.529032258065
54 	24 	0.692307692308
54 	53 	0.504672897196
35 	17 	0.673076923077
6 	13 	0.315789473684
18 	17 	0.514285714286
33 	18 	0.647058823529
93 	30 	0.756097560976
27 	31 	0.465517241379
510 	51 	0.909090909091
11 	6 	0.647058823529
121 	41 	0.746913580247
76 	124 	0.38
23 	10 	0.69696969697
91 	32 	0.739837398374
93 	29 	0.762295081967
42 	57 	0.424242424242
36 	34 	0.514285714286
6 	14 	0.3
177 	30 	0.855072463768
23 	37 	0.383333333333
54 	16 	0.771428571429
488 	377 	0.564161849711
30 	81 	0.27027027027
104 	39 	0.727272727273
8 	19 	0.296296296296
40 	23 	0.634920634921
63 	33 	0.65625
41 	40 	0.506172839506
189 	143 	0.569277108434
131 	56 	0.700534759358
104 	60 	0.634146341463
11 	12 	0.478260869565
8 	24 	0.25
18 	25 	0.418604651163
25 	25 	0.5
14 	2 	0.875
12 	15 	0.444444444444
63 	7 	0.9
50 	34 	0.595238095238
26 	20 	0.565217391304
16 	1 	0.941176470588
15 	3 	0.833333333333
23 	28 	0.450980392157
9 	19 	0.321428571429
70 	56 	0.555555555556
82 	56 	0.594202898551
11 	7 	0.611111111111
10 	18 	0.357142857143
46 	5 	0.901960784314
27 	19 	0.586956521739
20 	6 	0.769230769231
21 	14 	0.6
52 	4 	0.928571428571
7 	8 	0.466666666667
36 	16 	0.692307692308
31 	50 	0.382716049383
16 	20 	0.444444444444
22 	24 	0.478260869565
27 	1 	0.964285714286
80 	81 	0.496894409938
106 	34 	0.757142857143
15 	15 	0.5
77 	2 	0.974683544304
338 	5 	0.985422740525
15 	28 	0.348837209302
