22 	26 	0.458333333333
6 	6 	0.5
23 	8 	0.741935483871
24 	13 	0.648648648649
105 	69 	0.603448275862
27 	2 	0.931034482759
43 	17 	0.716666666667
63 	58 	0.520661157025
14 	23 	0.378378378378
22 	12 	0.647058823529
111 	79 	0.584210526316
9 	13 	0.409090909091
24 	9 	0.727272727273
89 	59 	0.601351351351
61 	23 	0.72619047619
48 	24 	0.666666666667
12 	4 	0.75
73 	39 	0.651785714286
90 	42 	0.681818181818
41 	9 	0.82
50 	13 	0.793650793651
127 	62 	0.671957671958
61 	13 	0.824324324324
11 	6 	0.647058823529
45 	22 	0.671641791045
60 	28 	0.681818181818
93 	19 	0.830357142857
11 	9 	0.55
26 	14 	0.65
28 	26 	0.518518518519
18 	14 	0.5625
24 	21 	0.533333333333
21 	11 	0.65625
28 	38 	0.424242424242
112 	43 	0.722580645161
53 	25 	0.679487179487
55 	52 	0.514018691589
38 	14 	0.730769230769
9 	10 	0.473684210526
16 	19 	0.457142857143
31 	20 	0.607843137255
96 	27 	0.780487804878
31 	27 	0.534482758621
541 	20 	0.964349376114
11 	6 	0.647058823529
129 	33 	0.796296296296
81 	119 	0.405
26 	7 	0.787878787879
91 	32 	0.739837398374
103 	19 	0.844262295082
64 	35 	0.646464646465
42 	28 	0.6
10 	10 	0.5
176 	31 	0.850241545894
37 	23 	0.616666666667
54 	16 	0.771428571429
542 	323 	0.626589595376
52 	59 	0.468468468468
111 	32 	0.776223776224
14 	13 	0.518518518519
50 	13 	0.793650793651
65 	31 	0.677083333333
48 	33 	0.592592592593
205 	127 	0.617469879518
159 	28 	0.850267379679
127 	37 	0.774390243902
15 	8 	0.652173913043
13 	19 	0.40625
31 	12 	0.720930232558
32 	18 	0.64
13 	3 	0.8125
18 	9 	0.666666666667
62 	8 	0.885714285714
61 	23 	0.72619047619
37 	9 	0.804347826087
16 	1 	0.941176470588
17 	1 	0.944444444444
41 	10 	0.803921568627
16 	12 	0.571428571429
78 	48 	0.619047619048
85 	53 	0.615942028986
14 	4 	0.777777777778
12 	16 	0.428571428571
45 	6 	0.882352941176
33 	13 	0.717391304348
20 	6 	0.769230769231
26 	9 	0.742857142857
50 	6 	0.892857142857
8 	7 	0.533333333333
36 	16 	0.692307692308
44 	37 	0.543209876543
21 	15 	0.583333333333
24 	22 	0.521739130435
26 	2 	0.928571428571
106 	55 	0.658385093168
102 	38 	0.728571428571
17 	13 	0.566666666667
77 	2 	0.974683544304
338 	5 	0.985422740525
27 	16 	0.627906976744
