28 	20 	0.583333333333
6 	6 	0.5
19 	12 	0.612903225806
21 	16 	0.567567567568
69 	105 	0.396551724138
27 	2 	0.931034482759
27 	33 	0.45
49 	72 	0.404958677686
22 	15 	0.594594594595
15 	19 	0.441176470588
92 	98 	0.484210526316
8 	14 	0.363636363636
22 	11 	0.666666666667
69 	79 	0.466216216216
58 	26 	0.690476190476
42 	30 	0.583333333333
14 	2 	0.875
73 	39 	0.651785714286
80 	52 	0.606060606061
33 	17 	0.66
42 	21 	0.666666666667
93 	96 	0.492063492063
45 	29 	0.608108108108
10 	7 	0.588235294118
46 	21 	0.686567164179
66 	22 	0.75
86 	26 	0.767857142857
10 	10 	0.5
19 	21 	0.475
28 	26 	0.518518518519
11 	21 	0.34375
22 	23 	0.488888888889
23 	9 	0.71875
23 	43 	0.348484848485
89 	66 	0.574193548387
56 	22 	0.717948717949
52 	55 	0.485981308411
43 	9 	0.826923076923
9 	10 	0.473684210526
17 	18 	0.485714285714
32 	19 	0.627450980392
89 	34 	0.723577235772
32 	26 	0.551724137931
511 	50 	0.910873440285
12 	5 	0.705882352941
124 	38 	0.765432098765
66 	134 	0.33
26 	7 	0.787878787879
92 	31 	0.747967479675
82 	40 	0.672131147541
50 	49 	0.505050505051
39 	31 	0.557142857143
12 	8 	0.6
176 	31 	0.850241545894
23 	37 	0.383333333333
49 	21 	0.7
503 	362 	0.581502890173
29 	82 	0.261261261261
114 	29 	0.797202797203
8 	19 	0.296296296296
45 	18 	0.714285714286
65 	31 	0.677083333333
50 	31 	0.617283950617
177 	155 	0.53313253012
136 	51 	0.727272727273
113 	51 	0.689024390244
16 	7 	0.695652173913
12 	20 	0.375
21 	22 	0.488372093023
19 	31 	0.38
13 	3 	0.8125
17 	10 	0.62962962963
63 	7 	0.9
54 	30 	0.642857142857
28 	18 	0.608695652174
16 	1 	0.941176470588
14 	4 	0.777777777778
27 	24 	0.529411764706
18 	10 	0.642857142857
66 	60 	0.52380952381
73 	65 	0.528985507246
12 	6 	0.666666666667
9 	19 	0.321428571429
46 	5 	0.901960784314
32 	14 	0.695652173913
18 	8 	0.692307692308
17 	18 	0.485714285714
53 	3 	0.946428571429
4 	11 	0.266666666667
36 	16 	0.692307692308
37 	44 	0.456790123457
16 	20 	0.444444444444
23 	23 	0.5
27 	1 	0.964285714286
85 	76 	0.527950310559
92 	48 	0.657142857143
17 	13 	0.566666666667
77 	2 	0.974683544304
337 	6 	0.98250728863
23 	20 	0.53488372093
