23 	25 	0.479166666667
23 	8 	0.741935483871
26 	11 	0.702702702703
119 	55 	0.683908045977
27 	2 	0.931034482759
43 	17 	0.716666666667
67 	54 	0.553719008264
17 	20 	0.459459459459
20 	14 	0.588235294118
117 	73 	0.615789473684
11 	11 	0.5
24 	9 	0.727272727273
103 	45 	0.695945945946
65 	19 	0.77380952381
50 	22 	0.694444444444
76 	36 	0.678571428571
91 	41 	0.689393939394
35 	15 	0.7
46 	17 	0.730158730159
129 	60 	0.68253968254
61 	13 	0.824324324324
10 	7 	0.588235294118
45 	22 	0.671641791045
64 	24 	0.727272727273
88 	24 	0.785714285714
10 	10 	0.5
27 	13 	0.675
28 	26 	0.518518518519
19 	13 	0.59375
29 	16 	0.644444444444
19 	13 	0.59375
26 	40 	0.393939393939
107 	48 	0.690322580645
53 	25 	0.679487179487
60 	47 	0.560747663551
41 	11 	0.788461538462
8 	11 	0.421052631579
18 	17 	0.514285714286
30 	21 	0.588235294118
93 	30 	0.756097560976
32 	26 	0.551724137931
544 	17 	0.969696969697
7 	10 	0.411764705882
132 	30 	0.814814814815
80 	120 	0.4
25 	8 	0.757575757576
97 	26 	0.788617886179
102 	20 	0.83606557377
64 	35 	0.646464646465
43 	27 	0.614285714286
10 	10 	0.5
174 	33 	0.840579710145
42 	18 	0.7
58 	12 	0.828571428571
541 	324 	0.625433526012
56 	55 	0.504504504505
113 	30 	0.79020979021
9 	18 	0.333333333333
49 	14 	0.777777777778
68 	28 	0.708333333333
52 	29 	0.641975308642
216 	116 	0.650602409639
156 	31 	0.83422459893
128 	36 	0.780487804878
11 	12 	0.478260869565
12 	20 	0.375
31 	12 	0.720930232558
32 	18 	0.64
13 	14 	0.481481481481
63 	7 	0.9
63 	21 	0.75
36 	10 	0.782608695652
16 	1 	0.941176470588
14 	4 	0.777777777778
40 	11 	0.78431372549
14 	14 	0.5
77 	49 	0.611111111111
92 	46 	0.666666666667
11 	7 	0.611111111111
15 	13 	0.535714285714
45 	6 	0.882352941176
32 	14 	0.695652173913
21 	5 	0.807692307692
20 	15 	0.571428571429
53 	3 	0.946428571429
34 	18 	0.653846153846
50 	31 	0.617283950617
22 	14 	0.611111111111
27 	19 	0.586956521739
27 	1 	0.964285714286
106 	55 	0.658385093168
104 	36 	0.742857142857
18 	12 	0.6
77 	2 	0.974683544304
338 	5 	0.985422740525
31 	12 	0.720930232558
