21 	27 	0.4375
8 	4 	0.666666666667
21 	10 	0.677419354839
21 	16 	0.567567567568
77 	97 	0.442528735632
27 	2 	0.931034482759
31 	29 	0.516666666667
51 	70 	0.421487603306
18 	19 	0.486486486486
17 	17 	0.5
100 	90 	0.526315789474
10 	12 	0.454545454545
22 	11 	0.666666666667
79 	69 	0.533783783784
62 	22 	0.738095238095
47 	25 	0.652777777778
15 	1 	0.9375
73 	39 	0.651785714286
87 	45 	0.659090909091
35 	15 	0.7
44 	19 	0.698412698413
110 	79 	0.582010582011
42 	32 	0.567567567568
11 	6 	0.647058823529
40 	27 	0.597014925373
63 	25 	0.715909090909
88 	24 	0.785714285714
6 	14 	0.3
18 	22 	0.45
28 	26 	0.518518518519
16 	16 	0.5
27 	18 	0.6
23 	9 	0.71875
31 	35 	0.469696969697
92 	63 	0.593548387097
50 	28 	0.641025641026
51 	56 	0.476635514019
38 	14 	0.730769230769
7 	12 	0.368421052632
15 	20 	0.428571428571
27 	24 	0.529411764706
94 	29 	0.764227642276
34 	24 	0.586206896552
514 	47 	0.916221033868
11 	6 	0.647058823529
125 	37 	0.771604938272
65 	135 	0.325
24 	9 	0.727272727273
94 	29 	0.764227642276
84 	38 	0.688524590164
62 	37 	0.626262626263
36 	34 	0.514285714286
8 	12 	0.4
172 	35 	0.830917874396
28 	32 	0.466666666667
50 	20 	0.714285714286
481 	384 	0.556069364162
35 	76 	0.315315315315
110 	33 	0.769230769231
6 	21 	0.222222222222
42 	21 	0.666666666667
62 	34 	0.645833333333
50 	31 	0.617283950617
181 	151 	0.545180722892
141 	46 	0.754010695187
114 	50 	0.69512195122
7 	16 	0.304347826087
11 	21 	0.34375
23 	20 	0.53488372093
25 	25 	0.5
14 	2 	0.875
14 	13 	0.518518518519
63 	7 	0.9
51 	33 	0.607142857143
28 	18 	0.608695652174
16 	1 	0.941176470588
15 	3 	0.833333333333
23 	28 	0.450980392157
10 	18 	0.357142857143
76 	50 	0.603174603175
85 	53 	0.615942028986
11 	7 	0.611111111111
6 	22 	0.214285714286
46 	5 	0.901960784314
28 	18 	0.608695652174
19 	7 	0.730769230769
26 	9 	0.742857142857
52 	4 	0.928571428571
7 	8 	0.466666666667
31 	21 	0.596153846154
37 	44 	0.456790123457
18 	18 	0.5
22 	24 	0.478260869565
27 	1 	0.964285714286
85 	76 	0.527950310559
100 	40 	0.714285714286
14 	16 	0.466666666667
77 	2 	0.974683544304
338 	5 	0.985422740525
18 	25 	0.418604651163
