19 	29 	0.395833333333
6 	6 	0.5
14 	17 	0.451612903226
19 	18 	0.513513513514
70 	104 	0.402298850575
27 	2 	0.931034482759
23 	37 	0.383333333333
44 	77 	0.363636363636
14 	23 	0.378378378378
14 	20 	0.411764705882
87 	103 	0.457894736842
8 	14 	0.363636363636
16 	17 	0.484848484848
59 	89 	0.398648648649
59 	25 	0.702380952381
44 	28 	0.611111111111
11 	5 	0.6875
69 	43 	0.616071428571
72 	60 	0.545454545455
33 	17 	0.66
42 	21 	0.666666666667
95 	94 	0.502645502646
40 	34 	0.540540540541
10 	7 	0.588235294118
36 	31 	0.537313432836
65 	23 	0.738636363636
89 	23 	0.794642857143
6 	14 	0.3
21 	19 	0.525
26 	28 	0.481481481481
9 	23 	0.28125
25 	20 	0.555555555556
13 	19 	0.40625
31 	35 	0.469696969697
76 	79 	0.490322580645
55 	23 	0.705128205128
63 	44 	0.588785046729
32 	20 	0.615384615385
3 	16 	0.157894736842
13 	22 	0.371428571429
28 	23 	0.549019607843
89 	34 	0.723577235772
25 	33 	0.431034482759
512 	49 	0.91265597148
10 	7 	0.588235294118
122 	40 	0.753086419753
88 	112 	0.44
22 	11 	0.666666666667
84 	39 	0.682926829268
90 	32 	0.737704918033
53 	46 	0.535353535354
26 	44 	0.371428571429
7 	13 	0.35
175 	32 	0.845410628019
18 	42 	0.3
53 	17 	0.757142857143
485 	380 	0.560693641618
31 	80 	0.279279279279
104 	39 	0.727272727273
12 	15 	0.444444444444
42 	21 	0.666666666667
59 	37 	0.614583333333
42 	39 	0.518518518519
180 	152 	0.542168674699
134 	53 	0.716577540107
98 	66 	0.59756097561
11 	12 	0.478260869565
12 	20 	0.375
20 	23 	0.46511627907
27 	23 	0.54
14 	2 	0.875
14 	13 	0.518518518519
62 	8 	0.885714285714
41 	43 	0.488095238095
27 	19 	0.586956521739
16 	1 	0.941176470588
15 	3 	0.833333333333
26 	25 	0.509803921569
7 	21 	0.25
73 	53 	0.579365079365
79 	59 	0.572463768116
10 	8 	0.555555555556
4 	24 	0.142857142857
46 	5 	0.901960784314
27 	19 	0.586956521739
20 	6 	0.769230769231
23 	12 	0.657142857143
50 	6 	0.892857142857
5 	10 	0.333333333333
36 	16 	0.692307692308
24 	57 	0.296296296296
8 	28 	0.222222222222
19 	27 	0.413043478261
27 	1 	0.964285714286
70 	91 	0.434782608696
106 	34 	0.757142857143
14 	16 	0.466666666667
77 	2 	0.974683544304
337 	6 	0.98250728863
12 	31 	0.279069767442
