24 	24 	0.5
17 	14 	0.548387096774
20 	17 	0.540540540541
84 	90 	0.48275862069
27 	2 	0.931034482759
31 	29 	0.516666666667
53 	68 	0.438016528926
18 	19 	0.486486486486
17 	17 	0.5
110 	80 	0.578947368421
6 	16 	0.272727272727
25 	8 	0.757575757576
76 	72 	0.513513513514
61 	23 	0.72619047619
46 	26 	0.638888888889
63 	49 	0.5625
77 	55 	0.583333333333
33 	17 	0.66
43 	20 	0.68253968254
108 	81 	0.571428571429
49 	25 	0.662162162162
12 	5 	0.705882352941
39 	28 	0.582089552239
61 	27 	0.693181818182
90 	22 	0.803571428571
10 	10 	0.5
21 	19 	0.525
27 	27 	0.5
13 	19 	0.40625
28 	17 	0.622222222222
17 	15 	0.53125
33 	33 	0.5
91 	64 	0.587096774194
51 	27 	0.653846153846
56 	51 	0.523364485981
36 	16 	0.692307692308
8 	11 	0.421052631579
19 	16 	0.542857142857
29 	22 	0.56862745098
91 	32 	0.739837398374
29 	29 	0.5
527 	34 	0.939393939394
13 	4 	0.764705882353
123 	39 	0.759259259259
82 	118 	0.41
25 	8 	0.757575757576
90 	33 	0.731707317073
89 	33 	0.729508196721
56 	43 	0.565656565657
39 	31 	0.557142857143
9 	11 	0.45
177 	30 	0.855072463768
32 	28 	0.533333333333
48 	22 	0.685714285714
512 	353 	0.591907514451
41 	70 	0.369369369369
100 	43 	0.699300699301
8 	19 	0.296296296296
44 	19 	0.698412698413
66 	30 	0.6875
48 	33 	0.592592592593
193 	139 	0.581325301205
136 	51 	0.727272727273
111 	53 	0.676829268293
11 	12 	0.478260869565
14 	18 	0.4375
27 	16 	0.627906976744
25 	25 	0.5
11 	16 	0.407407407407
62 	8 	0.885714285714
58 	26 	0.690476190476
25 	21 	0.54347826087
16 	1 	0.941176470588
15 	3 	0.833333333333
31 	20 	0.607843137255
8 	20 	0.285714285714
84 	42 	0.666666666667
86 	52 	0.623188405797
11 	7 	0.611111111111
9 	19 	0.321428571429
46 	5 	0.901960784314
30 	16 	0.652173913043
20 	6 	0.769230769231
19 	16 	0.542857142857
52 	4 	0.928571428571
36 	16 	0.692307692308
30 	51 	0.37037037037
21 	15 	0.583333333333
23 	23 	0.5
27 	1 	0.964285714286
92 	69 	0.571428571429
104 	36 	0.742857142857
17 	13 	0.566666666667
77 	2 	0.974683544304
338 	5 	0.985422740525
18 	25 	0.418604651163
