21 	27 	0.4375
8 	4 	0.666666666667
19 	12 	0.612903225806
25 	12 	0.675675675676
84 	90 	0.48275862069
26 	3 	0.896551724138
33 	27 	0.55
39 	82 	0.322314049587
19 	18 	0.513513513514
14 	20 	0.411764705882
88 	102 	0.463157894737
6 	16 	0.272727272727
24 	9 	0.727272727273
74 	74 	0.5
55 	29 	0.654761904762
42 	30 	0.583333333333
11 	5 	0.6875
68 	44 	0.607142857143
76 	56 	0.575757575758
33 	17 	0.66
41 	22 	0.650793650794
116 	73 	0.613756613757
48 	26 	0.648648648649
12 	5 	0.705882352941
44 	23 	0.65671641791
59 	29 	0.670454545455
87 	25 	0.776785714286
10 	10 	0.5
15 	25 	0.375
23 	31 	0.425925925926
13 	19 	0.40625
20 	25 	0.444444444444
21 	11 	0.65625
27 	39 	0.409090909091
84 	71 	0.541935483871
55 	23 	0.705128205128
47 	60 	0.439252336449
40 	12 	0.769230769231
9 	10 	0.473684210526
13 	22 	0.371428571429
25 	26 	0.490196078431
89 	34 	0.723577235772
30 	28 	0.51724137931
509 	52 	0.907308377897
9 	8 	0.529411764706
120 	42 	0.740740740741
77 	123 	0.385
29 	4 	0.878787878788
93 	30 	0.756097560976
88 	34 	0.72131147541
52 	47 	0.525252525253
41 	29 	0.585714285714
14 	6 	0.7
175 	32 	0.845410628019
28 	32 	0.466666666667
49 	21 	0.7
492 	373 	0.568786127168
28 	83 	0.252252252252
103 	40 	0.72027972028
6 	21 	0.222222222222
39 	24 	0.619047619048
65 	31 	0.677083333333
49 	32 	0.604938271605
197 	135 	0.593373493976
137 	50 	0.732620320856
110 	54 	0.670731707317
18 	5 	0.782608695652
9 	23 	0.28125
24 	19 	0.558139534884
27 	23 	0.54
13 	3 	0.8125
15 	12 	0.555555555556
61 	9 	0.871428571429
57 	27 	0.678571428571
25 	21 	0.54347826087
16 	1 	0.941176470588
16 	2 	0.888888888889
34 	17 	0.666666666667
12 	16 	0.428571428571
55 	71 	0.436507936508
86 	52 	0.623188405797
10 	8 	0.555555555556
12 	16 	0.428571428571
45 	6 	0.882352941176
34 	12 	0.739130434783
18 	8 	0.692307692308
25 	10 	0.714285714286
50 	6 	0.892857142857
7 	8 	0.466666666667
33 	19 	0.634615384615
43 	38 	0.530864197531
19 	17 	0.527777777778
18 	28 	0.391304347826
27 	1 	0.964285714286
83 	78 	0.515527950311
99 	41 	0.707142857143
20 	10 	0.666666666667
77 	2 	0.974683544304
336 	7 	0.979591836735
18 	25 	0.418604651163
