29 	19 	0.604166666667
6 	6 	0.5
18 	13 	0.58064516129
21 	16 	0.567567567568
83 	91 	0.477011494253
27 	2 	0.931034482759
30 	30 	0.5
54 	67 	0.446280991736
19 	18 	0.513513513514
19 	15 	0.558823529412
93 	97 	0.489473684211
10 	12 	0.454545454545
25 	8 	0.757575757576
76 	72 	0.513513513514
61 	23 	0.72619047619
45 	27 	0.625
12 	4 	0.75
68 	44 	0.607142857143
89 	43 	0.674242424242
35 	15 	0.7
41 	22 	0.650793650794
102 	87 	0.539682539683
50 	24 	0.675675675676
12 	5 	0.705882352941
44 	23 	0.65671641791
58 	30 	0.659090909091
86 	26 	0.767857142857
12 	8 	0.6
21 	19 	0.525
27 	27 	0.5
15 	17 	0.46875
25 	20 	0.555555555556
23 	9 	0.71875
33 	33 	0.5
88 	67 	0.567741935484
55 	23 	0.705128205128
52 	55 	0.485981308411
36 	16 	0.692307692308
10 	9 	0.526315789474
18 	17 	0.514285714286
25 	26 	0.490196078431
89 	34 	0.723577235772
32 	26 	0.551724137931
513 	48 	0.914438502674
11 	6 	0.647058823529
123 	39 	0.759259259259
78 	122 	0.39
23 	10 	0.69696969697
92 	31 	0.747967479675
92 	30 	0.754098360656
48 	51 	0.484848484848
47 	23 	0.671428571429
13 	7 	0.65
180 	27 	0.869565217391
33 	27 	0.55
50 	20 	0.714285714286
510 	355 	0.589595375723
42 	69 	0.378378378378
109 	34 	0.762237762238
8 	19 	0.296296296296
48 	15 	0.761904761905
65 	31 	0.677083333333
52 	29 	0.641975308642
180 	152 	0.542168674699
141 	46 	0.754010695187
119 	45 	0.725609756098
14 	9 	0.608695652174
15 	17 	0.46875
23 	20 	0.53488372093
24 	26 	0.48
13 	3 	0.8125
14 	13 	0.518518518519
63 	7 	0.9
46 	38 	0.547619047619
34 	12 	0.739130434783
16 	1 	0.941176470588
15 	3 	0.833333333333
34 	17 	0.666666666667
16 	12 	0.571428571429
72 	54 	0.571428571429
80 	58 	0.579710144928
12 	6 	0.666666666667
10 	18 	0.357142857143
46 	5 	0.901960784314
32 	14 	0.695652173913
20 	6 	0.769230769231
22 	13 	0.628571428571
52 	4 	0.928571428571
4 	11 	0.266666666667
36 	16 	0.692307692308
30 	51 	0.37037037037
16 	20 	0.444444444444
24 	22 	0.521739130435
27 	1 	0.964285714286
81 	80 	0.503105590062
104 	36 	0.742857142857
17 	13 	0.566666666667
77 	2 	0.974683544304
338 	5 	0.985422740525
23 	20 	0.53488372093
