25 	23 	0.520833333333
17 	14 	0.548387096774
19 	18 	0.513513513514
84 	90 	0.48275862069
27 	2 	0.931034482759
32 	28 	0.533333333333
49 	72 	0.404958677686
18 	19 	0.486486486486
17 	17 	0.5
107 	83 	0.563157894737
10 	12 	0.454545454545
21 	12 	0.636363636364
75 	73 	0.506756756757
60 	24 	0.714285714286
41 	31 	0.569444444444
71 	41 	0.633928571429
78 	54 	0.590909090909
33 	17 	0.66
45 	18 	0.714285714286
107 	82 	0.566137566138
51 	23 	0.689189189189
12 	5 	0.705882352941
40 	27 	0.597014925373
65 	23 	0.738636363636
91 	21 	0.8125
10 	10 	0.5
23 	17 	0.575
28 	26 	0.518518518519
14 	18 	0.4375
27 	18 	0.6
21 	11 	0.65625
33 	33 	0.5
94 	61 	0.606451612903
50 	28 	0.641025641026
57 	50 	0.532710280374
34 	18 	0.653846153846
5 	14 	0.263157894737
19 	16 	0.542857142857
31 	20 	0.607843137255
86 	37 	0.69918699187
32 	26 	0.551724137931
528 	33 	0.941176470588
13 	4 	0.764705882353
121 	41 	0.746913580247
73 	127 	0.365
13 	20 	0.393939393939
90 	33 	0.731707317073
90 	32 	0.737704918033
54 	45 	0.545454545455
36 	34 	0.514285714286
9 	11 	0.45
178 	29 	0.859903381643
34 	26 	0.566666666667
46 	24 	0.657142857143
516 	349 	0.596531791908
35 	76 	0.315315315315
103 	40 	0.72027972028
8 	19 	0.296296296296
43 	20 	0.68253968254
67 	29 	0.697916666667
50 	31 	0.617283950617
192 	140 	0.578313253012
142 	45 	0.75935828877
114 	50 	0.69512195122
8 	15 	0.347826086957
15 	17 	0.46875
24 	19 	0.558139534884
22 	28 	0.44
13 	14 	0.481481481481
62 	8 	0.885714285714
57 	27 	0.678571428571
31 	15 	0.673913043478
16 	1 	0.941176470588
15 	3 	0.833333333333
28 	23 	0.549019607843
9 	19 	0.321428571429
78 	48 	0.619047619048
84 	54 	0.608695652174
11 	7 	0.611111111111
12 	16 	0.428571428571
46 	5 	0.901960784314
30 	16 	0.652173913043
20 	6 	0.769230769231
20 	15 	0.571428571429
52 	4 	0.928571428571
35 	17 	0.673076923077
34 	47 	0.41975308642
21 	15 	0.583333333333
21 	25 	0.45652173913
27 	1 	0.964285714286
90 	71 	0.55900621118
101 	39 	0.721428571429
17 	13 	0.566666666667
77 	2 	0.974683544304
338 	5 	0.985422740525
19 	24 	0.441860465116
