22 	26 	0.458333333333
8 	4 	0.666666666667
18 	13 	0.58064516129
24 	13 	0.648648648649
109 	65 	0.626436781609
27 	2 	0.931034482759
41 	19 	0.683333333333
65 	56 	0.537190082645
13 	24 	0.351351351351
19 	15 	0.558823529412
117 	73 	0.615789473684
11 	11 	0.5
24 	9 	0.727272727273
92 	56 	0.621621621622
62 	22 	0.738095238095
48 	24 	0.666666666667
13 	3 	0.8125
72 	40 	0.642857142857
92 	40 	0.69696969697
40 	10 	0.8
47 	16 	0.746031746032
121 	68 	0.640211640212
61 	13 	0.824324324324
12 	5 	0.705882352941
44 	23 	0.65671641791
62 	26 	0.704545454545
90 	22 	0.803571428571
11 	9 	0.55
25 	15 	0.625
28 	26 	0.518518518519
23 	9 	0.71875
22 	23 	0.488888888889
22 	10 	0.6875
34 	32 	0.515151515152
117 	38 	0.754838709677
53 	25 	0.679487179487
63 	44 	0.588785046729
39 	13 	0.75
9 	10 	0.473684210526
17 	18 	0.485714285714
30 	21 	0.588235294118
95 	28 	0.772357723577
32 	26 	0.551724137931
542 	19 	0.966131907308
11 	6 	0.647058823529
131 	31 	0.808641975309
87 	113 	0.435
22 	11 	0.666666666667
91 	32 	0.739837398374
96 	26 	0.786885245902
64 	35 	0.646464646465
42 	28 	0.6
9 	11 	0.45
175 	32 	0.845410628019
37 	23 	0.616666666667
53 	17 	0.757142857143
556 	309 	0.642774566474
48 	63 	0.432432432432
115 	28 	0.804195804196
10 	17 	0.37037037037
49 	14 	0.777777777778
66 	30 	0.6875
53 	28 	0.654320987654
218 	114 	0.656626506024
158 	29 	0.844919786096
134 	30 	0.817073170732
15 	8 	0.652173913043
13 	19 	0.40625
30 	13 	0.697674418605
31 	19 	0.62
13 	3 	0.8125
16 	11 	0.592592592593
62 	8 	0.885714285714
55 	29 	0.654761904762
35 	11 	0.760869565217
16 	1 	0.941176470588
15 	3 	0.833333333333
36 	15 	0.705882352941
16 	12 	0.571428571429
72 	54 	0.571428571429
89 	49 	0.644927536232
13 	5 	0.722222222222
16 	12 	0.571428571429
46 	5 	0.901960784314
34 	12 	0.739130434783
20 	6 	0.769230769231
22 	13 	0.628571428571
52 	4 	0.928571428571
5 	10 	0.333333333333
36 	16 	0.692307692308
37 	44 	0.456790123457
22 	14 	0.611111111111
27 	19 	0.586956521739
27 	1 	0.964285714286
102 	59 	0.633540372671
107 	33 	0.764285714286
18 	12 	0.6
77 	2 	0.974683544304
338 	5 	0.985422740525
29 	14 	0.674418604651
