22 	26 	0.458333333333
6 	6 	0.5
16 	15 	0.516129032258
20 	17 	0.540540540541
88 	86 	0.505747126437
27 	2 	0.931034482759
27 	33 	0.45
54 	67 	0.446280991736
16 	21 	0.432432432432
17 	17 	0.5
91 	99 	0.478947368421
9 	13 	0.409090909091
23 	10 	0.69696969697
80 	68 	0.540540540541
61 	23 	0.72619047619
45 	27 	0.625
13 	3 	0.8125
71 	41 	0.633928571429
81 	51 	0.613636363636
33 	17 	0.66
44 	19 	0.698412698413
108 	81 	0.571428571429
47 	27 	0.635135135135
12 	5 	0.705882352941
40 	27 	0.597014925373
64 	24 	0.727272727273
90 	22 	0.803571428571
8 	12 	0.4
19 	21 	0.475
26 	28 	0.481481481481
17 	15 	0.53125
29 	16 	0.644444444444
19 	13 	0.59375
33 	33 	0.5
96 	59 	0.61935483871
49 	29 	0.628205128205
45 	62 	0.420560747664
38 	14 	0.730769230769
6 	13 	0.315789473684
17 	18 	0.485714285714
28 	23 	0.549019607843
91 	32 	0.739837398374
32 	26 	0.551724137931
513 	48 	0.914438502674
10 	7 	0.588235294118
123 	39 	0.759259259259
76 	124 	0.38
25 	8 	0.757575757576
91 	32 	0.739837398374
83 	39 	0.680327868852
52 	47 	0.525252525253
39 	31 	0.557142857143
9 	11 	0.45
176 	31 	0.850241545894
29 	31 	0.483333333333
52 	18 	0.742857142857
525 	340 	0.606936416185
35 	76 	0.315315315315
105 	38 	0.734265734266
9 	18 	0.333333333333
43 	20 	0.68253968254
65 	31 	0.677083333333
52 	29 	0.641975308642
194 	138 	0.584337349398
141 	46 	0.754010695187
113 	51 	0.689024390244
10 	13 	0.434782608696
14 	18 	0.4375
21 	22 	0.488372093023
28 	22 	0.56
14 	2 	0.875
11 	16 	0.407407407407
62 	8 	0.885714285714
53 	31 	0.630952380952
24 	22 	0.521739130435
16 	1 	0.941176470588
15 	3 	0.833333333333
32 	19 	0.627450980392
7 	21 	0.25
68 	58 	0.539682539683
83 	55 	0.601449275362
11 	7 	0.611111111111
10 	18 	0.357142857143
46 	5 	0.901960784314
29 	17 	0.630434782609
20 	6 	0.769230769231
22 	13 	0.628571428571
52 	4 	0.928571428571
8 	7 	0.533333333333
35 	17 	0.673076923077
36 	45 	0.444444444444
14 	22 	0.388888888889
23 	23 	0.5
27 	1 	0.964285714286
77 	84 	0.478260869565
104 	36 	0.742857142857
18 	12 	0.6
77 	2 	0.974683544304
338 	5 	0.985422740525
21 	22 	0.488372093023
