21 	27 	0.4375
6 	6 	0.5
20 	11 	0.645161290323
24 	13 	0.648648648649
93 	81 	0.534482758621
27 	2 	0.931034482759
30 	30 	0.5
40 	81 	0.330578512397
14 	23 	0.378378378378
14 	20 	0.411764705882
84 	106 	0.442105263158
8 	14 	0.363636363636
25 	8 	0.757575757576
75 	73 	0.506756756757
56 	28 	0.666666666667
44 	28 	0.611111111111
12 	4 	0.75
73 	39 	0.651785714286
86 	46 	0.651515151515
35 	15 	0.7
41 	22 	0.650793650794
125 	64 	0.661375661376
47 	27 	0.635135135135
12 	5 	0.705882352941
41 	26 	0.611940298507
58 	30 	0.659090909091
88 	24 	0.785714285714
12 	8 	0.6
16 	24 	0.4
26 	28 	0.481481481481
14 	18 	0.4375
20 	25 	0.444444444444
22 	10 	0.6875
30 	36 	0.454545454545
85 	70 	0.548387096774
56 	22 	0.717948717949
53 	54 	0.495327102804
40 	12 	0.769230769231
9 	10 	0.473684210526
13 	22 	0.371428571429
27 	24 	0.529411764706
90 	33 	0.731707317073
36 	22 	0.620689655172
518 	43 	0.923351158645
9 	8 	0.529411764706
125 	37 	0.771604938272
81 	119 	0.405
27 	6 	0.818181818182
93 	30 	0.756097560976
94 	28 	0.770491803279
51 	48 	0.515151515152
43 	27 	0.614285714286
13 	7 	0.65
177 	30 	0.855072463768
28 	32 	0.466666666667
52 	18 	0.742857142857
532 	333 	0.615028901734
28 	83 	0.252252252252
104 	39 	0.727272727273
5 	22 	0.185185185185
40 	23 	0.634920634921
67 	29 	0.697916666667
53 	28 	0.654320987654
213 	119 	0.64156626506
139 	48 	0.743315508021
108 	56 	0.658536585366
18 	5 	0.782608695652
9 	23 	0.28125
23 	20 	0.53488372093
26 	24 	0.52
14 	2 	0.875
16 	11 	0.592592592593
63 	7 	0.9
58 	26 	0.690476190476
22 	24 	0.478260869565
16 	1 	0.941176470588
16 	2 	0.888888888889
36 	15 	0.705882352941
13 	15 	0.464285714286
60 	66 	0.47619047619
86 	52 	0.623188405797
11 	7 	0.611111111111
10 	18 	0.357142857143
46 	5 	0.901960784314
34 	12 	0.739130434783
20 	6 	0.769230769231
25 	10 	0.714285714286
52 	4 	0.928571428571
6 	9 	0.4
34 	18 	0.653846153846
41 	40 	0.506172839506
18 	18 	0.5
20 	26 	0.434782608696
27 	1 	0.964285714286
87 	74 	0.540372670807
101 	39 	0.721428571429
20 	10 	0.666666666667
77 	2 	0.974683544304
338 	5 	0.985422740525
16 	27 	0.372093023256
