22 	26 	0.458333333333
8 	4 	0.666666666667
18 	13 	0.58064516129
19 	18 	0.513513513514
98 	76 	0.563218390805
27 	2 	0.931034482759
40 	20 	0.666666666667
58 	63 	0.479338842975
13 	24 	0.351351351351
23 	11 	0.676470588235
99 	91 	0.521052631579
12 	10 	0.545454545455
24 	9 	0.727272727273
72 	76 	0.486486486486
60 	24 	0.714285714286
47 	25 	0.652777777778
12 	4 	0.75
70 	42 	0.625
87 	45 	0.659090909091
41 	9 	0.82
39 	24 	0.619047619048
126 	63 	0.666666666667
55 	19 	0.743243243243
12 	5 	0.705882352941
50 	17 	0.746268656716
59 	29 	0.670454545455
90 	22 	0.803571428571
11 	9 	0.55
19 	21 	0.475
26 	28 	0.481481481481
17 	15 	0.53125
19 	26 	0.422222222222
24 	8 	0.75
28 	38 	0.424242424242
89 	66 	0.574193548387
55 	23 	0.705128205128
58 	49 	0.542056074766
34 	18 	0.653846153846
9 	10 	0.473684210526
18 	17 	0.514285714286
28 	23 	0.549019607843
94 	29 	0.764227642276
34 	24 	0.586206896552
513 	48 	0.914438502674
7 	10 	0.411764705882
129 	33 	0.796296296296
80 	120 	0.4
28 	5 	0.848484848485
96 	27 	0.780487804878
94 	28 	0.770491803279
63 	36 	0.636363636364
43 	27 	0.614285714286
14 	6 	0.7
176 	31 	0.850241545894
38 	22 	0.633333333333
55 	15 	0.785714285714
527 	338 	0.609248554913
39 	72 	0.351351351351
103 	40 	0.72027972028
8 	19 	0.296296296296
51 	12 	0.809523809524
68 	28 	0.708333333333
51 	30 	0.62962962963
214 	118 	0.644578313253
146 	41 	0.780748663102
124 	40 	0.756097560976
16 	7 	0.695652173913
14 	18 	0.4375
29 	14 	0.674418604651
34 	16 	0.68
13 	3 	0.8125
12 	15 	0.444444444444
62 	8 	0.885714285714
59 	25 	0.702380952381
32 	14 	0.695652173913
16 	1 	0.941176470588
15 	3 	0.833333333333
38 	13 	0.745098039216
18 	10 	0.642857142857
67 	59 	0.531746031746
79 	59 	0.572463768116
14 	4 	0.777777777778
12 	16 	0.428571428571
46 	5 	0.901960784314
33 	13 	0.717391304348
20 	6 	0.769230769231
26 	9 	0.742857142857
52 	4 	0.928571428571
6 	9 	0.4
37 	15 	0.711538461538
41 	40 	0.506172839506
19 	17 	0.527777777778
22 	24 	0.478260869565
27 	1 	0.964285714286
91 	70 	0.565217391304
96 	44 	0.685714285714
19 	11 	0.633333333333
77 	2 	0.974683544304
338 	5 	0.985422740525
23 	20 	0.53488372093
