21 	27 	0.4375
16 	15 	0.516129032258
24 	13 	0.648648648649
107 	67 	0.614942528736
27 	2 	0.931034482759
42 	18 	0.7
59 	62 	0.487603305785
13 	24 	0.351351351351
21 	13 	0.617647058824
117 	73 	0.615789473684
11 	11 	0.5
23 	10 	0.69696969697
101 	47 	0.682432432432
68 	16 	0.809523809524
48 	24 	0.666666666667
69 	43 	0.616071428571
89 	43 	0.674242424242
33 	17 	0.66
44 	19 	0.698412698413
125 	64 	0.661375661376
57 	17 	0.77027027027
12 	5 	0.705882352941
45 	22 	0.671641791045
64 	24 	0.727272727273
88 	24 	0.785714285714
10 	10 	0.5
24 	16 	0.6
27 	27 	0.5
19 	13 	0.59375
23 	22 	0.511111111111
23 	9 	0.71875
31 	35 	0.469696969697
107 	48 	0.690322580645
52 	26 	0.666666666667
62 	45 	0.579439252336
40 	12 	0.769230769231
7 	12 	0.368421052632
17 	18 	0.485714285714
32 	19 	0.627450980392
94 	29 	0.764227642276
30 	28 	0.51724137931
542 	19 	0.966131907308
11 	6 	0.647058823529
129 	33 	0.796296296296
86 	114 	0.43
28 	5 	0.848484848485
97 	26 	0.788617886179
97 	25 	0.795081967213
65 	34 	0.656565656566
37 	33 	0.528571428571
8 	12 	0.4
180 	27 	0.869565217391
42 	18 	0.7
54 	16 	0.771428571429
561 	304 	0.648554913295
48 	63 	0.432432432432
112 	31 	0.783216783217
7 	20 	0.259259259259
50 	13 	0.793650793651
71 	25 	0.739583333333
53 	28 	0.654320987654
221 	111 	0.665662650602
153 	34 	0.818181818182
129 	35 	0.786585365854
14 	9 	0.608695652174
11 	21 	0.34375
28 	15 	0.651162790698
32 	18 	0.64
14 	13 	0.518518518519
63 	7 	0.9
59 	25 	0.702380952381
32 	14 	0.695652173913
16 	1 	0.941176470588
15 	3 	0.833333333333
36 	15 	0.705882352941
14 	14 	0.5
71 	55 	0.563492063492
93 	45 	0.673913043478
11 	7 	0.611111111111
20 	8 	0.714285714286
46 	5 	0.901960784314
35 	11 	0.760869565217
20 	6 	0.769230769231
20 	15 	0.571428571429
53 	3 	0.946428571429
37 	15 	0.711538461538
48 	33 	0.592592592593
18 	18 	0.5
22 	24 	0.478260869565
27 	1 	0.964285714286
101 	60 	0.627329192547
109 	31 	0.778571428571
20 	10 	0.666666666667
77 	2 	0.974683544304
338 	5 	0.985422740525
29 	14 	0.674418604651
