24 	24 	0.5
6 	6 	0.5
22 	9 	0.709677419355
19 	18 	0.513513513514
101 	73 	0.580459770115
27 	2 	0.931034482759
42 	18 	0.7
53 	68 	0.438016528926
17 	20 	0.459459459459
22 	12 	0.647058823529
106 	84 	0.557894736842
8 	14 	0.363636363636
21 	12 	0.636363636364
77 	71 	0.52027027027
64 	20 	0.761904761905
44 	28 	0.611111111111
12 	4 	0.75
74 	38 	0.660714285714
86 	46 	0.651515151515
38 	12 	0.76
41 	22 	0.650793650794
124 	65 	0.656084656085
56 	18 	0.756756756757
11 	6 	0.647058823529
47 	20 	0.701492537313
56 	32 	0.636363636364
91 	21 	0.8125
11 	9 	0.55
23 	17 	0.575
24 	30 	0.444444444444
16 	16 	0.5
28 	17 	0.622222222222
25 	7 	0.78125
31 	35 	0.469696969697
89 	66 	0.574193548387
53 	25 	0.679487179487
56 	51 	0.523364485981
35 	17 	0.673076923077
9 	10 	0.473684210526
18 	17 	0.514285714286
27 	24 	0.529411764706
95 	28 	0.772357723577
32 	26 	0.551724137931
510 	51 	0.909090909091
7 	10 	0.411764705882
130 	32 	0.802469135802
72 	128 	0.36
26 	7 	0.787878787879
93 	30 	0.756097560976
97 	25 	0.795081967213
64 	35 	0.646464646465
47 	23 	0.671428571429
13 	7 	0.65
174 	33 	0.840579710145
37 	23 	0.616666666667
52 	18 	0.742857142857
499 	366 	0.576878612717
45 	66 	0.405405405405
105 	38 	0.734265734266
11 	16 	0.407407407407
52 	11 	0.825396825397
68 	28 	0.708333333333
51 	30 	0.62962962963
198 	134 	0.596385542169
147 	40 	0.786096256684
129 	35 	0.786585365854
15 	8 	0.652173913043
15 	17 	0.46875
31 	12 	0.720930232558
30 	20 	0.6
13 	3 	0.8125
17 	10 	0.62962962963
61 	9 	0.871428571429
60 	24 	0.714285714286
29 	17 	0.630434782609
16 	1 	0.941176470588
15 	3 	0.833333333333
39 	12 	0.764705882353
15 	13 	0.535714285714
72 	54 	0.571428571429
76 	62 	0.550724637681
14 	4 	0.777777777778
12 	16 	0.428571428571
45 	6 	0.882352941176
33 	13 	0.717391304348
18 	8 	0.692307692308
26 	9 	0.742857142857
51 	5 	0.910714285714
5 	10 	0.333333333333
39 	13 	0.75
37 	44 	0.456790123457
19 	17 	0.527777777778
24 	22 	0.521739130435
26 	2 	0.928571428571
86 	75 	0.534161490683
94 	46 	0.671428571429
20 	10 	0.666666666667
77 	2 	0.974683544304
338 	5 	0.985422740525
27 	16 	0.627906976744
