24 	24 	0.5
7 	5 	0.583333333333
18 	13 	0.58064516129
23 	14 	0.621621621622
96 	78 	0.551724137931
27 	2 	0.931034482759
35 	25 	0.583333333333
64 	57 	0.528925619835
18 	19 	0.486486486486
17 	17 	0.5
92 	98 	0.484210526316
10 	12 	0.454545454545
24 	9 	0.727272727273
82 	66 	0.554054054054
63 	21 	0.75
48 	24 	0.666666666667
13 	3 	0.8125
72 	40 	0.642857142857
90 	42 	0.681818181818
29 	21 	0.58
42 	21 	0.666666666667
101 	88 	0.534391534392
53 	21 	0.716216216216
12 	5 	0.705882352941
40 	27 	0.597014925373
67 	21 	0.761363636364
88 	24 	0.785714285714
11 	9 	0.55
22 	18 	0.55
27 	27 	0.5
17 	15 	0.53125
24 	21 	0.533333333333
22 	10 	0.6875
34 	32 	0.515151515152
95 	60 	0.612903225806
50 	28 	0.641025641026
57 	50 	0.532710280374
38 	14 	0.730769230769
9 	10 	0.473684210526
16 	19 	0.457142857143
28 	23 	0.549019607843
87 	36 	0.707317073171
29 	29 	0.5
529 	32 	0.942959001783
12 	5 	0.705882352941
128 	34 	0.79012345679
80 	120 	0.4
23 	10 	0.69696969697
88 	35 	0.715447154472
101 	21 	0.827868852459
55 	44 	0.555555555556
40 	30 	0.571428571429
11 	9 	0.55
177 	30 	0.855072463768
40 	20 	0.666666666667
48 	22 	0.685714285714
521 	344 	0.602312138728
51 	60 	0.459459459459
110 	33 	0.769230769231
15 	12 	0.555555555556
43 	20 	0.68253968254
69 	27 	0.71875
52 	29 	0.641975308642
207 	125 	0.623493975904
140 	47 	0.748663101604
119 	45 	0.725609756098
16 	7 	0.695652173913
13 	19 	0.40625
27 	16 	0.627906976744
23 	27 	0.46
14 	2 	0.875
14 	13 	0.518518518519
63 	7 	0.9
62 	22 	0.738095238095
29 	17 	0.630434782609
16 	1 	0.941176470588
15 	3 	0.833333333333
31 	20 	0.607843137255
18 	10 	0.642857142857
82 	44 	0.650793650794
78 	60 	0.565217391304
12 	6 	0.666666666667
12 	16 	0.428571428571
46 	5 	0.901960784314
31 	15 	0.673913043478
20 	6 	0.769230769231
22 	13 	0.628571428571
52 	4 	0.928571428571
3 	12 	0.2
37 	15 	0.711538461538
36 	45 	0.444444444444
19 	17 	0.527777777778
27 	19 	0.586956521739
27 	1 	0.964285714286
93 	68 	0.577639751553
101 	39 	0.721428571429
20 	10 	0.666666666667
77 	2 	0.974683544304
338 	5 	0.985422740525
20 	23 	0.46511627907
