21 	27 	0.4375
6 	6 	0.5
10 	21 	0.322580645161
15 	22 	0.405405405405
66 	108 	0.379310344828
27 	2 	0.931034482759
20 	40 	0.333333333333
44 	77 	0.363636363636
16 	21 	0.432432432432
14 	20 	0.411764705882
90 	100 	0.473684210526
9 	13 	0.409090909091
15 	18 	0.454545454545
59 	89 	0.398648648649
57 	27 	0.678571428571
44 	28 	0.611111111111
11 	5 	0.6875
72 	40 	0.642857142857
69 	63 	0.522727272727
29 	21 	0.58
38 	25 	0.603174603175
95 	94 	0.502645502646
38 	36 	0.513513513514
10 	7 	0.588235294118
35 	32 	0.522388059701
64 	24 	0.727272727273
86 	26 	0.767857142857
8 	12 	0.4
20 	20 	0.5
24 	30 	0.444444444444
9 	23 	0.28125
25 	20 	0.555555555556
12 	20 	0.375
31 	35 	0.469696969697
75 	80 	0.483870967742
53 	25 	0.679487179487
60 	47 	0.560747663551
31 	21 	0.596153846154
4 	15 	0.210526315789
15 	20 	0.428571428571
30 	21 	0.588235294118
91 	32 	0.739837398374
25 	33 	0.431034482759
509 	52 	0.907308377897
10 	7 	0.588235294118
120 	42 	0.740740740741
86 	114 	0.43
21 	12 	0.636363636364
87 	36 	0.707317073171
85 	37 	0.696721311475
52 	47 	0.525252525253
28 	42 	0.4
7 	13 	0.35
172 	35 	0.830917874396
21 	39 	0.35
53 	17 	0.757142857143
464 	401 	0.536416184971
30 	81 	0.27027027027
103 	40 	0.72027972028
10 	17 	0.37037037037
41 	22 	0.650793650794
60 	36 	0.625
41 	40 	0.506172839506
171 	161 	0.515060240964
131 	56 	0.700534759358
98 	66 	0.59756097561
12 	11 	0.521739130435
12 	20 	0.375
23 	20 	0.53488372093
25 	25 	0.5
14 	2 	0.875
13 	14 	0.481481481481
62 	8 	0.885714285714
40 	44 	0.47619047619
26 	20 	0.565217391304
16 	1 	0.941176470588
15 	3 	0.833333333333
24 	27 	0.470588235294
7 	21 	0.25
73 	53 	0.579365079365
79 	59 	0.572463768116
10 	8 	0.555555555556
5 	23 	0.178571428571
46 	5 	0.901960784314
28 	18 	0.608695652174
19 	7 	0.730769230769
24 	11 	0.685714285714
50 	6 	0.892857142857
6 	9 	0.4
34 	18 	0.653846153846
28 	53 	0.345679012346
8 	28 	0.222222222222
17 	29 	0.369565217391
27 	1 	0.964285714286
75 	86 	0.465838509317
104 	36 	0.742857142857
12 	18 	0.4
77 	2 	0.974683544304
337 	6 	0.98250728863
13 	30 	0.302325581395
