21 	27 	0.4375
5 	7 	0.416666666667
15 	16 	0.483870967742
16 	21 	0.432432432432
65 	109 	0.373563218391
26 	3 	0.896551724138
23 	37 	0.383333333333
44 	77 	0.363636363636
19 	18 	0.513513513514
14 	20 	0.411764705882
93 	97 	0.489473684211
8 	14 	0.363636363636
19 	14 	0.575757575758
55 	93 	0.371621621622
61 	23 	0.72619047619
41 	31 	0.569444444444
9 	7 	0.5625
67 	45 	0.598214285714
75 	57 	0.568181818182
28 	22 	0.56
37 	26 	0.587301587302
101 	88 	0.534391534392
38 	36 	0.513513513514
9 	8 	0.529411764706
37 	30 	0.55223880597
59 	29 	0.670454545455
83 	29 	0.741071428571
10 	10 	0.5
22 	18 	0.55
26 	28 	0.481481481481
10 	22 	0.3125
24 	21 	0.533333333333
17 	15 	0.53125
28 	38 	0.424242424242
83 	72 	0.535483870968
50 	28 	0.641025641026
55 	52 	0.514018691589
36 	16 	0.692307692308
7 	12 	0.368421052632
18 	17 	0.514285714286
30 	21 	0.588235294118
95 	28 	0.772357723577
22 	36 	0.379310344828
498 	63 	0.887700534759
10 	7 	0.588235294118
117 	45 	0.722222222222
74 	126 	0.37
21 	12 	0.636363636364
85 	38 	0.691056910569
83 	39 	0.680327868852
45 	54 	0.454545454545
32 	38 	0.457142857143
5 	15 	0.25
171 	36 	0.826086956522
22 	38 	0.366666666667
49 	21 	0.7
445 	420 	0.514450867052
31 	80 	0.279279279279
101 	42 	0.706293706294
8 	19 	0.296296296296
41 	22 	0.650793650794
60 	36 	0.625
43 	38 	0.530864197531
171 	161 	0.515060240964
129 	58 	0.689839572193
108 	56 	0.658536585366
11 	12 	0.478260869565
9 	23 	0.28125
20 	23 	0.46511627907
26 	24 	0.52
13 	3 	0.8125
8 	19 	0.296296296296
63 	7 	0.9
45 	39 	0.535714285714
26 	20 	0.565217391304
16 	1 	0.941176470588
15 	3 	0.833333333333
25 	26 	0.490196078431
7 	21 	0.25
67 	59 	0.531746031746
79 	59 	0.572463768116
9 	9 	0.5
10 	18 	0.357142857143
46 	5 	0.901960784314
28 	18 	0.608695652174
20 	6 	0.769230769231
24 	11 	0.685714285714
48 	8 	0.857142857143
6 	9 	0.4
32 	20 	0.615384615385
29 	52 	0.358024691358
13 	23 	0.361111111111
16 	30 	0.347826086957
27 	1 	0.964285714286
76 	85 	0.472049689441
95 	45 	0.678571428571
15 	15 	0.5
76 	3 	0.962025316456
338 	5 	0.985422740525
15 	28 	0.348837209302
