23 	25 	0.479166666667
8 	4 	0.666666666667
21 	10 	0.677419354839
22 	15 	0.594594594595
82 	92 	0.471264367816
25 	4 	0.862068965517
31 	29 	0.516666666667
34 	87 	0.280991735537
18 	19 	0.486486486486
15 	19 	0.441176470588
94 	96 	0.494736842105
9 	13 	0.409090909091
23 	10 	0.69696969697
71 	77 	0.47972972973
54 	30 	0.642857142857
41 	31 	0.569444444444
11 	5 	0.6875
72 	40 	0.642857142857
82 	50 	0.621212121212
31 	19 	0.62
40 	23 	0.634920634921
116 	73 	0.613756613757
51 	23 	0.689189189189
12 	5 	0.705882352941
46 	21 	0.686567164179
55 	33 	0.625
88 	24 	0.785714285714
10 	10 	0.5
14 	26 	0.35
22 	32 	0.407407407407
13 	19 	0.40625
23 	22 	0.511111111111
21 	11 	0.65625
30 	36 	0.454545454545
92 	63 	0.593548387097
53 	25 	0.679487179487
52 	55 	0.485981308411
37 	15 	0.711538461538
9 	10 	0.473684210526
13 	22 	0.371428571429
28 	23 	0.549019607843
93 	30 	0.756097560976
30 	28 	0.51724137931
506 	55 	0.901960784314
8 	9 	0.470588235294
122 	40 	0.753086419753
83 	117 	0.415
29 	4 	0.878787878788
89 	34 	0.723577235772
83 	39 	0.680327868852
52 	47 	0.525252525253
42 	28 	0.6
15 	5 	0.75
169 	38 	0.816425120773
23 	37 	0.383333333333
49 	21 	0.7
480 	385 	0.554913294798
28 	83 	0.252252252252
107 	36 	0.748251748252
13 	14 	0.481481481481
42 	21 	0.666666666667
64 	32 	0.666666666667
53 	28 	0.654320987654
192 	140 	0.578313253012
136 	51 	0.727272727273
124 	40 	0.756097560976
16 	7 	0.695652173913
12 	20 	0.375
24 	19 	0.558139534884
34 	16 	0.68
13 	3 	0.8125
15 	12 	0.555555555556
60 	10 	0.857142857143
56 	28 	0.666666666667
29 	17 	0.630434782609
15 	2 	0.882352941176
16 	2 	0.888888888889
39 	12 	0.764705882353
13 	15 	0.464285714286
54 	72 	0.428571428571
76 	62 	0.550724637681
10 	8 	0.555555555556
15 	13 	0.535714285714
43 	8 	0.843137254902
33 	13 	0.717391304348
18 	8 	0.692307692308
25 	10 	0.714285714286
51 	5 	0.910714285714
7 	8 	0.466666666667
34 	18 	0.653846153846
34 	47 	0.41975308642
21 	15 	0.583333333333
20 	26 	0.434782608696
27 	1 	0.964285714286
76 	85 	0.472049689441
98 	42 	0.7
19 	11 	0.633333333333
76 	3 	0.962025316456
337 	6 	0.98250728863
24 	19 	0.558139534884
