17 	31 	0.354166666667
7 	5 	0.583333333333
21 	10 	0.677419354839
19 	18 	0.513513513514
73 	101 	0.419540229885
27 	2 	0.931034482759
29 	31 	0.483333333333
43 	78 	0.355371900826
20 	17 	0.540540540541
17 	17 	0.5
97 	93 	0.510526315789
9 	13 	0.409090909091
22 	11 	0.666666666667
75 	73 	0.506756756757
62 	22 	0.738095238095
42 	30 	0.583333333333
15 	1 	0.9375
77 	35 	0.6875
84 	48 	0.636363636364
34 	16 	0.68
41 	22 	0.650793650794
107 	82 	0.566137566138
42 	32 	0.567567567568
8 	9 	0.470588235294
38 	29 	0.567164179104
59 	29 	0.670454545455
81 	31 	0.723214285714
5 	15 	0.25
18 	22 	0.45
28 	26 	0.518518518519
14 	18 	0.4375
25 	20 	0.555555555556
23 	9 	0.71875
26 	40 	0.393939393939
85 	70 	0.548387096774
50 	28 	0.641025641026
50 	57 	0.467289719626
39 	13 	0.75
7 	12 	0.368421052632
15 	20 	0.428571428571
26 	25 	0.509803921569
93 	30 	0.756097560976
33 	25 	0.568965517241
508 	53 	0.905525846702
10 	7 	0.588235294118
122 	40 	0.753086419753
68 	132 	0.34
23 	10 	0.69696969697
95 	28 	0.772357723577
81 	41 	0.66393442623
55 	44 	0.555555555556
42 	28 	0.6
9 	11 	0.45
164 	43 	0.792270531401
24 	36 	0.4
51 	19 	0.728571428571
474 	391 	0.547976878613
36 	75 	0.324324324324
111 	32 	0.776223776224
7 	20 	0.259259259259
42 	21 	0.666666666667
64 	32 	0.666666666667
49 	32 	0.604938271605
176 	156 	0.530120481928
144 	43 	0.770053475936
109 	55 	0.664634146341
11 	12 	0.478260869565
10 	22 	0.3125
21 	22 	0.488372093023
28 	22 	0.56
14 	2 	0.875
14 	13 	0.518518518519
63 	7 	0.9
48 	36 	0.571428571429
29 	17 	0.630434782609
16 	1 	0.941176470588
15 	3 	0.833333333333
20 	31 	0.392156862745
10 	18 	0.357142857143
72 	54 	0.571428571429
79 	59 	0.572463768116
11 	7 	0.611111111111
9 	19 	0.321428571429
45 	6 	0.882352941176
30 	16 	0.652173913043
19 	7 	0.730769230769
26 	9 	0.742857142857
50 	6 	0.892857142857
6 	9 	0.4
31 	21 	0.596153846154
38 	43 	0.469135802469
19 	17 	0.527777777778
16 	30 	0.347826086957
27 	1 	0.964285714286
81 	80 	0.503105590062
100 	40 	0.714285714286
17 	13 	0.566666666667
77 	2 	0.974683544304
336 	7 	0.979591836735
19 	24 	0.441860465116
