25 	23 	0.520833333333
16 	15 	0.516129032258
19 	18 	0.513513513514
82 	92 	0.471264367816
27 	2 	0.931034482759
33 	27 	0.55
53 	68 	0.438016528926
15 	22 	0.405405405405
18 	16 	0.529411764706
101 	89 	0.531578947368
10 	12 	0.454545454545
24 	9 	0.727272727273
83 	65 	0.560810810811
60 	24 	0.714285714286
36 	36 	0.5
69 	43 	0.616071428571
74 	58 	0.560606060606
35 	15 	0.7
43 	20 	0.68253968254
111 	78 	0.587301587302
52 	22 	0.702702702703
12 	5 	0.705882352941
44 	23 	0.65671641791
62 	26 	0.704545454545
90 	22 	0.803571428571
10 	10 	0.5
24 	16 	0.6
28 	26 	0.518518518519
15 	17 	0.46875
29 	16 	0.644444444444
22 	10 	0.6875
28 	38 	0.424242424242
94 	61 	0.606451612903
52 	26 	0.666666666667
53 	54 	0.495327102804
38 	14 	0.730769230769
6 	13 	0.315789473684
16 	19 	0.457142857143
32 	19 	0.627450980392
90 	33 	0.731707317073
35 	23 	0.603448275862
525 	36 	0.935828877005
6 	11 	0.352941176471
120 	42 	0.740740740741
81 	119 	0.405
16 	17 	0.484848484848
88 	35 	0.715447154472
92 	30 	0.754098360656
51 	48 	0.515151515152
40 	30 	0.571428571429
9 	11 	0.45
170 	37 	0.821256038647
34 	26 	0.566666666667
47 	23 	0.671428571429
511 	354 	0.590751445087
32 	79 	0.288288288288
102 	41 	0.713286713287
8 	19 	0.296296296296
40 	23 	0.634920634921
66 	30 	0.6875
55 	26 	0.679012345679
176 	156 	0.530120481928
141 	46 	0.754010695187
110 	54 	0.670731707317
9 	14 	0.391304347826
11 	21 	0.34375
26 	17 	0.604651162791
18 	32 	0.36
15 	12 	0.555555555556
62 	8 	0.885714285714
51 	33 	0.607142857143
31 	15 	0.673913043478
16 	1 	0.941176470588
15 	3 	0.833333333333
29 	22 	0.56862745098
9 	19 	0.321428571429
81 	45 	0.642857142857
82 	56 	0.594202898551
11 	7 	0.611111111111
13 	15 	0.464285714286
46 	5 	0.901960784314
30 	16 	0.652173913043
20 	6 	0.769230769231
18 	17 	0.514285714286
52 	4 	0.928571428571
32 	20 	0.615384615385
34 	47 	0.41975308642
21 	15 	0.583333333333
21 	25 	0.45652173913
27 	1 	0.964285714286
88 	73 	0.546583850932
102 	38 	0.728571428571
11 	19 	0.366666666667
77 	2 	0.974683544304
338 	5 	0.985422740525
19 	24 	0.441860465116
