22 	26 	0.458333333333
8 	4 	0.666666666667
20 	11 	0.645161290323
23 	14 	0.621621621622
110 	64 	0.632183908046
27 	2 	0.931034482759
41 	19 	0.683333333333
62 	59 	0.512396694215
16 	21 	0.432432432432
19 	15 	0.558823529412
122 	68 	0.642105263158
7 	15 	0.318181818182
25 	8 	0.757575757576
91 	57 	0.614864864865
62 	22 	0.738095238095
49 	23 	0.680555555556
13 	3 	0.8125
73 	39 	0.651785714286
91 	41 	0.689393939394
42 	8 	0.84
44 	19 	0.698412698413
126 	63 	0.666666666667
61 	13 	0.824324324324
12 	5 	0.705882352941
40 	27 	0.597014925373
60 	28 	0.681818181818
90 	22 	0.803571428571
8 	12 	0.4
25 	15 	0.625
26 	28 	0.481481481481
22 	10 	0.6875
20 	25 	0.444444444444
21 	11 	0.65625
30 	36 	0.454545454545
111 	44 	0.716129032258
54 	24 	0.692307692308
60 	47 	0.560747663551
40 	12 	0.769230769231
9 	10 	0.473684210526
16 	19 	0.457142857143
33 	18 	0.647058823529
97 	26 	0.788617886179
32 	26 	0.551724137931
541 	20 	0.964349376114
11 	6 	0.647058823529
131 	31 	0.808641975309
86 	114 	0.43
25 	8 	0.757575757576
96 	27 	0.780487804878
99 	23 	0.811475409836
65 	34 	0.656565656566
40 	30 	0.571428571429
10 	10 	0.5
173 	34 	0.835748792271
35 	25 	0.583333333333
53 	17 	0.757142857143
562 	303 	0.649710982659
48 	63 	0.432432432432
109 	34 	0.762237762238
10 	17 	0.37037037037
50 	13 	0.793650793651
66 	30 	0.6875
50 	31 	0.617283950617
218 	114 	0.656626506024
158 	29 	0.844919786096
135 	29 	0.823170731707
15 	8 	0.652173913043
14 	18 	0.4375
28 	15 	0.651162790698
34 	16 	0.68
13 	3 	0.8125
16 	11 	0.592592592593
62 	8 	0.885714285714
55 	29 	0.654761904762
36 	10 	0.782608695652
16 	1 	0.941176470588
15 	3 	0.833333333333
37 	14 	0.725490196078
16 	12 	0.571428571429
77 	49 	0.611111111111
87 	51 	0.630434782609
14 	4 	0.777777777778
18 	10 	0.642857142857
46 	5 	0.901960784314
34 	12 	0.739130434783
20 	6 	0.769230769231
23 	12 	0.657142857143
52 	4 	0.928571428571
5 	10 	0.333333333333
36 	16 	0.692307692308
38 	43 	0.469135802469
23 	13 	0.638888888889
27 	19 	0.586956521739
27 	1 	0.964285714286
99 	62 	0.614906832298
106 	34 	0.757142857143
16 	14 	0.533333333333
77 	2 	0.974683544304
338 	5 	0.985422740525
30 	13 	0.697674418605
