26 	22 	0.541666666667
7 	5 	0.583333333333
22 	9 	0.709677419355
24 	13 	0.648648648649
107 	67 	0.614942528736
27 	2 	0.931034482759
41 	19 	0.683333333333
66 	55 	0.545454545455
15 	22 	0.405405405405
20 	14 	0.588235294118
110 	80 	0.578947368421
9 	13 	0.409090909091
22 	11 	0.666666666667
89 	59 	0.601351351351
65 	19 	0.77380952381
50 	22 	0.694444444444
12 	4 	0.75
70 	42 	0.625
91 	41 	0.689393939394
41 	9 	0.82
46 	17 	0.730158730159
120 	69 	0.634920634921
61 	13 	0.824324324324
10 	7 	0.588235294118
43 	24 	0.641791044776
63 	25 	0.715909090909
87 	25 	0.776785714286
12 	8 	0.6
25 	15 	0.625
27 	27 	0.5
19 	13 	0.59375
19 	26 	0.422222222222
20 	12 	0.625
25 	41 	0.378787878788
103 	52 	0.664516129032
54 	24 	0.692307692308
58 	49 	0.542056074766
39 	13 	0.75
8 	11 	0.421052631579
14 	21 	0.4
32 	19 	0.627450980392
93 	30 	0.756097560976
34 	24 	0.586206896552
538 	23 	0.959001782531
10 	7 	0.588235294118
130 	32 	0.802469135802
86 	114 	0.43
25 	8 	0.757575757576
92 	31 	0.747967479675
106 	16 	0.868852459016
62 	37 	0.626262626263
43 	27 	0.614285714286
10 	10 	0.5
176 	31 	0.850241545894
37 	23 	0.616666666667
53 	17 	0.757142857143
543 	322 	0.62774566474
51 	60 	0.459459459459
107 	36 	0.748251748252
12 	15 	0.444444444444
51 	12 	0.809523809524
66 	30 	0.6875
47 	34 	0.58024691358
213 	119 	0.64156626506
152 	35 	0.812834224599
128 	36 	0.780487804878
15 	8 	0.652173913043
14 	18 	0.4375
31 	12 	0.720930232558
28 	22 	0.56
13 	3 	0.8125
19 	8 	0.703703703704
62 	8 	0.885714285714
59 	25 	0.702380952381
35 	11 	0.760869565217
16 	1 	0.941176470588
16 	2 	0.888888888889
39 	12 	0.764705882353
16 	12 	0.571428571429
75 	51 	0.595238095238
80 	58 	0.579710144928
14 	4 	0.777777777778
14 	14 	0.5
45 	6 	0.882352941176
33 	13 	0.717391304348
21 	5 	0.807692307692
23 	12 	0.657142857143
47 	9 	0.839285714286
9 	6 	0.6
36 	16 	0.692307692308
41 	40 	0.506172839506
22 	14 	0.611111111111
25 	21 	0.54347826087
27 	1 	0.964285714286
96 	65 	0.596273291925
95 	45 	0.678571428571
16 	14 	0.533333333333
77 	2 	0.974683544304
338 	5 	0.985422740525
25 	18 	0.581395348837
