23 	25 	0.479166666667
5 	7 	0.416666666667
15 	16 	0.483870967742
16 	21 	0.432432432432
66 	108 	0.379310344828
27 	2 	0.931034482759
28 	32 	0.466666666667
48 	73 	0.396694214876
18 	19 	0.486486486486
13 	21 	0.382352941176
91 	99 	0.478947368421
8 	14 	0.363636363636
19 	14 	0.575757575758
60 	88 	0.405405405405
59 	25 	0.702380952381
45 	27 	0.625
12 	4 	0.75
68 	44 	0.607142857143
81 	51 	0.613636363636
34 	16 	0.68
38 	25 	0.603174603175
108 	81 	0.571428571429
38 	36 	0.513513513514
10 	7 	0.588235294118
35 	32 	0.522388059701
63 	25 	0.715909090909
88 	24 	0.785714285714
10 	10 	0.5
22 	18 	0.55
24 	30 	0.444444444444
10 	22 	0.3125
27 	18 	0.6
13 	19 	0.40625
32 	34 	0.484848484848
71 	84 	0.458064516129
50 	28 	0.641025641026
53 	54 	0.495327102804
36 	16 	0.692307692308
5 	14 	0.263157894737
17 	18 	0.485714285714
31 	20 	0.607843137255
95 	28 	0.772357723577
25 	33 	0.431034482759
506 	55 	0.901960784314
10 	7 	0.588235294118
120 	42 	0.740740740741
69 	131 	0.345
19 	14 	0.575757575758
85 	38 	0.691056910569
90 	32 	0.737704918033
49 	50 	0.494949494949
33 	37 	0.471428571429
8 	12 	0.4
175 	32 	0.845410628019
21 	39 	0.35
51 	19 	0.728571428571
452 	413 	0.522543352601
30 	81 	0.27027027027
97 	46 	0.678321678322
10 	17 	0.37037037037
39 	24 	0.619047619048
58 	38 	0.604166666667
41 	40 	0.506172839506
180 	152 	0.542168674699
125 	62 	0.668449197861
106 	58 	0.646341463415
11 	12 	0.478260869565
7 	25 	0.21875
22 	21 	0.511627906977
25 	25 	0.5
14 	2 	0.875
9 	18 	0.333333333333
63 	7 	0.9
44 	40 	0.52380952381
26 	20 	0.565217391304
16 	1 	0.941176470588
15 	3 	0.833333333333
26 	25 	0.509803921569
6 	22 	0.214285714286
67 	59 	0.531746031746
85 	53 	0.615942028986
10 	8 	0.555555555556
8 	20 	0.285714285714
46 	5 	0.901960784314
28 	18 	0.608695652174
20 	6 	0.769230769231
25 	10 	0.714285714286
49 	7 	0.875
6 	9 	0.4
35 	17 	0.673076923077
32 	49 	0.395061728395
14 	22 	0.388888888889
16 	30 	0.347826086957
27 	1 	0.964285714286
84 	77 	0.521739130435
103 	37 	0.735714285714
14 	16 	0.466666666667
77 	2 	0.974683544304
338 	5 	0.985422740525
13 	30 	0.302325581395
