27 	21 	0.5625
18 	13 	0.58064516129
23 	14 	0.621621621622
108 	66 	0.620689655172
27 	2 	0.931034482759
41 	19 	0.683333333333
66 	55 	0.545454545455
17 	20 	0.459459459459
18 	16 	0.529411764706
112 	78 	0.589473684211
8 	14 	0.363636363636
22 	11 	0.666666666667
90 	58 	0.608108108108
66 	18 	0.785714285714
48 	24 	0.666666666667
71 	41 	0.633928571429
86 	46 	0.651515151515
35 	15 	0.7
42 	21 	0.666666666667
104 	85 	0.550264550265
58 	16 	0.783783783784
12 	5 	0.705882352941
44 	23 	0.65671641791
66 	22 	0.75
90 	22 	0.803571428571
12 	8 	0.6
25 	15 	0.625
29 	25 	0.537037037037
19 	13 	0.59375
28 	17 	0.622222222222
18 	14 	0.5625
31 	35 	0.469696969697
95 	60 	0.612903225806
55 	23 	0.705128205128
62 	45 	0.579439252336
40 	12 	0.769230769231
3 	16 	0.157894736842
14 	21 	0.4
27 	24 	0.529411764706
89 	34 	0.723577235772
32 	26 	0.551724137931
532 	29 	0.948306595365
13 	4 	0.764705882353
128 	34 	0.79012345679
75 	125 	0.375
28 	5 	0.848484848485
94 	29 	0.764227642276
101 	21 	0.827868852459
63 	36 	0.636363636364
40 	30 	0.571428571429
10 	10 	0.5
177 	30 	0.855072463768
39 	21 	0.65
52 	18 	0.742857142857
530 	335 	0.612716763006
54 	57 	0.486486486486
113 	30 	0.79020979021
7 	20 	0.259259259259
50 	13 	0.793650793651
70 	26 	0.729166666667
52 	29 	0.641975308642
201 	131 	0.605421686747
141 	46 	0.754010695187
129 	35 	0.786585365854
16 	7 	0.695652173913
12 	20 	0.375
29 	14 	0.674418604651
30 	20 	0.6
13 	14 	0.481481481481
63 	7 	0.9
60 	24 	0.714285714286
34 	12 	0.739130434783
16 	1 	0.941176470588
15 	3 	0.833333333333
34 	17 	0.666666666667
13 	15 	0.464285714286
82 	44 	0.650793650794
85 	53 	0.615942028986
11 	7 	0.611111111111
11 	17 	0.392857142857
46 	5 	0.901960784314
33 	13 	0.717391304348
20 	6 	0.769230769231
20 	15 	0.571428571429
54 	2 	0.964285714286
36 	16 	0.692307692308
43 	38 	0.530864197531
20 	16 	0.555555555556
24 	22 	0.521739130435
27 	1 	0.964285714286
93 	68 	0.577639751553
105 	35 	0.75
16 	14 	0.533333333333
77 	2 	0.974683544304
338 	5 	0.985422740525
23 	20 	0.53488372093
