23 	25 	0.479166666667
6 	6 	0.5
15 	16 	0.483870967742
22 	15 	0.594594594595
89 	85 	0.511494252874
27 	2 	0.931034482759
29 	31 	0.483333333333
54 	67 	0.446280991736
19 	18 	0.513513513514
19 	15 	0.558823529412
95 	95 	0.5
8 	14 	0.363636363636
23 	10 	0.69696969697
81 	67 	0.547297297297
59 	25 	0.702380952381
41 	31 	0.569444444444
13 	3 	0.8125
71 	41 	0.633928571429
80 	52 	0.606060606061
37 	13 	0.74
42 	21 	0.666666666667
112 	77 	0.592592592593
46 	28 	0.621621621622
11 	6 	0.647058823529
41 	26 	0.611940298507
60 	28 	0.681818181818
90 	22 	0.803571428571
8 	12 	0.4
20 	20 	0.5
23 	31 	0.425925925926
17 	15 	0.53125
28 	17 	0.622222222222
22 	10 	0.6875
32 	34 	0.484848484848
97 	58 	0.625806451613
49 	29 	0.628205128205
49 	58 	0.457943925234
38 	14 	0.730769230769
5 	14 	0.263157894737
18 	17 	0.514285714286
27 	24 	0.529411764706
89 	34 	0.723577235772
33 	25 	0.568965517241
512 	49 	0.91265597148
10 	7 	0.588235294118
121 	41 	0.746913580247
72 	128 	0.36
24 	9 	0.727272727273
90 	33 	0.731707317073
80 	42 	0.655737704918
53 	46 	0.535353535354
43 	27 	0.614285714286
9 	11 	0.45
175 	32 	0.845410628019
31 	29 	0.516666666667
51 	19 	0.728571428571
507 	358 	0.58612716763
34 	77 	0.306306306306
101 	42 	0.706293706294
8 	19 	0.296296296296
46 	17 	0.730158730159
66 	30 	0.6875
55 	26 	0.679012345679
195 	137 	0.58734939759
137 	50 	0.732620320856
108 	56 	0.658536585366
8 	15 	0.347826086957
13 	19 	0.40625
25 	18 	0.581395348837
28 	22 	0.56
14 	2 	0.875
13 	14 	0.481481481481
62 	8 	0.885714285714
47 	37 	0.559523809524
27 	19 	0.586956521739
16 	1 	0.941176470588
15 	3 	0.833333333333
32 	19 	0.627450980392
9 	19 	0.321428571429
72 	54 	0.571428571429
81 	57 	0.586956521739
11 	7 	0.611111111111
10 	18 	0.357142857143
46 	5 	0.901960784314
30 	16 	0.652173913043
20 	6 	0.769230769231
24 	11 	0.685714285714
52 	4 	0.928571428571
8 	7 	0.533333333333
33 	19 	0.634615384615
38 	43 	0.469135802469
21 	15 	0.583333333333
23 	23 	0.5
27 	1 	0.964285714286
81 	80 	0.503105590062
100 	40 	0.714285714286
18 	12 	0.6
77 	2 	0.974683544304
338 	5 	0.985422740525
21 	22 	0.488372093023
