22 	26 	0.458333333333
4 	8 	0.333333333333
12 	19 	0.387096774194
17 	20 	0.459459459459
68 	106 	0.390804597701
27 	2 	0.931034482759
28 	32 	0.466666666667
41 	80 	0.338842975207
20 	17 	0.540540540541
16 	18 	0.470588235294
89 	101 	0.468421052632
12 	10 	0.545454545455
18 	15 	0.545454545455
47 	101 	0.317567567568
54 	30 	0.642857142857
41 	31 	0.569444444444
12 	4 	0.75
76 	36 	0.678571428571
70 	62 	0.530303030303
32 	18 	0.64
38 	25 	0.603174603175
88 	101 	0.465608465608
36 	38 	0.486486486486
11 	6 	0.647058823529
40 	27 	0.597014925373
61 	27 	0.693181818182
84 	28 	0.75
9 	11 	0.45
18 	22 	0.45
26 	28 	0.481481481481
12 	20 	0.375
24 	21 	0.533333333333
18 	14 	0.5625
30 	36 	0.454545454545
64 	91 	0.412903225806
54 	24 	0.692307692308
51 	56 	0.476635514019
28 	24 	0.538461538462
6 	13 	0.315789473684
16 	19 	0.457142857143
29 	22 	0.56862745098
84 	39 	0.682926829268
24 	34 	0.413793103448
499 	62 	0.889483065954
7 	10 	0.411764705882
117 	45 	0.722222222222
53 	147 	0.265
21 	12 	0.636363636364
80 	43 	0.650406504065
82 	40 	0.672131147541
50 	49 	0.505050505051
24 	46 	0.342857142857
9 	11 	0.45
172 	35 	0.830917874396
24 	36 	0.4
54 	16 	0.771428571429
442 	423 	0.51098265896
27 	84 	0.243243243243
97 	46 	0.678321678322
7 	20 	0.259259259259
39 	24 	0.619047619048
53 	43 	0.552083333333
41 	40 	0.506172839506
156 	176 	0.469879518072
135 	52 	0.72192513369
100 	64 	0.609756097561
10 	13 	0.434782608696
12 	20 	0.375
18 	25 	0.418604651163
27 	23 	0.54
14 	2 	0.875
9 	18 	0.333333333333
61 	9 	0.871428571429
35 	49 	0.416666666667
29 	17 	0.630434782609
16 	1 	0.941176470588
14 	4 	0.777777777778
23 	28 	0.450980392157
8 	20 	0.285714285714
61 	65 	0.484126984127
72 	66 	0.521739130435
10 	8 	0.555555555556
5 	23 	0.178571428571
44 	7 	0.862745098039
27 	19 	0.586956521739
19 	7 	0.730769230769
17 	18 	0.485714285714
52 	4 	0.928571428571
8 	7 	0.533333333333
34 	18 	0.653846153846
20 	61 	0.246913580247
12 	24 	0.333333333333
16 	30 	0.347826086957
27 	1 	0.964285714286
74 	87 	0.459627329193
103 	37 	0.735714285714
16 	14 	0.533333333333
76 	3 	0.962025316456
338 	5 	0.985422740525
15 	28 	0.348837209302
