24 	24 	0.5
7 	5 	0.583333333333
20 	11 	0.645161290323
25 	12 	0.675675675676
62 	112 	0.35632183908
26 	3 	0.896551724138
32 	28 	0.533333333333
39 	82 	0.322314049587
20 	17 	0.540540540541
18 	16 	0.529411764706
99 	91 	0.521052631579
7 	15 	0.318181818182
22 	11 	0.666666666667
57 	91 	0.385135135135
57 	27 	0.678571428571
39 	33 	0.541666666667
14 	2 	0.875
70 	42 	0.625
67 	65 	0.507575757576
38 	12 	0.76
43 	20 	0.68253968254
95 	94 	0.502645502646
45 	29 	0.608108108108
11 	6 	0.647058823529
50 	17 	0.746268656716
60 	28 	0.681818181818
83 	29 	0.741071428571
9 	11 	0.45
15 	25 	0.375
28 	26 	0.518518518519
6 	26 	0.1875
26 	19 	0.577777777778
22 	10 	0.6875
26 	40 	0.393939393939
69 	86 	0.445161290323
47 	31 	0.602564102564
54 	53 	0.504672897196
39 	13 	0.75
9 	10 	0.473684210526
14 	21 	0.4
31 	20 	0.607843137255
88 	35 	0.715447154472
36 	22 	0.620689655172
502 	59 	0.894830659537
10 	7 	0.588235294118
122 	40 	0.753086419753
74 	126 	0.37
26 	7 	0.787878787879
90 	33 	0.731707317073
90 	32 	0.737704918033
50 	49 	0.505050505051
39 	31 	0.557142857143
12 	8 	0.6
173 	34 	0.835748792271
20 	40 	0.333333333333
50 	20 	0.714285714286
486 	379 	0.561849710983
38 	73 	0.342342342342
101 	42 	0.706293706294
10 	17 	0.37037037037
44 	19 	0.698412698413
55 	41 	0.572916666667
47 	34 	0.58024691358
163 	169 	0.490963855422
134 	53 	0.716577540107
109 	55 	0.664634146341
16 	7 	0.695652173913
14 	18 	0.4375
23 	20 	0.53488372093
23 	27 	0.46
13 	3 	0.8125
14 	13 	0.518518518519
61 	9 	0.871428571429
60 	24 	0.714285714286
29 	17 	0.630434782609
16 	1 	0.941176470588
15 	3 	0.833333333333
27 	24 	0.529411764706
15 	13 	0.535714285714
67 	59 	0.531746031746
75 	63 	0.54347826087
11 	7 	0.611111111111
10 	18 	0.357142857143
46 	5 	0.901960784314
33 	13 	0.717391304348
16 	10 	0.615384615385
22 	13 	0.628571428571
51 	5 	0.910714285714
3 	12 	0.2
31 	21 	0.596153846154
32 	49 	0.395061728395
16 	20 	0.444444444444
21 	25 	0.45652173913
27 	1 	0.964285714286
71 	90 	0.44099378882
91 	49 	0.65
15 	15 	0.5
77 	2 	0.974683544304
336 	7 	0.979591836735
20 	23 	0.46511627907
