22 	26 	0.458333333333
8 	4 	0.666666666667
19 	12 	0.612903225806
21 	16 	0.567567567568
96 	78 	0.551724137931
27 	2 	0.931034482759
41 	19 	0.683333333333
55 	66 	0.454545454545
16 	21 	0.432432432432
23 	11 	0.676470588235
93 	97 	0.489473684211
11 	11 	0.5
23 	10 	0.69696969697
69 	79 	0.466216216216
61 	23 	0.72619047619
47 	25 	0.652777777778
12 	4 	0.75
69 	43 	0.616071428571
86 	46 	0.651515151515
40 	10 	0.8
40 	23 	0.634920634921
118 	71 	0.624338624339
56 	18 	0.756756756757
12 	5 	0.705882352941
48 	19 	0.716417910448
62 	26 	0.704545454545
90 	22 	0.803571428571
11 	9 	0.55
20 	20 	0.5
26 	28 	0.481481481481
17 	15 	0.53125
17 	28 	0.377777777778
24 	8 	0.75
27 	39 	0.409090909091
89 	66 	0.574193548387
54 	24 	0.692307692308
57 	50 	0.532710280374
35 	17 	0.673076923077
9 	10 	0.473684210526
18 	17 	0.514285714286
28 	23 	0.549019607843
94 	29 	0.764227642276
37 	21 	0.637931034483
509 	52 	0.907308377897
9 	8 	0.529411764706
129 	33 	0.796296296296
78 	122 	0.39
27 	6 	0.818181818182
93 	30 	0.756097560976
94 	28 	0.770491803279
64 	35 	0.646464646465
41 	29 	0.585714285714
13 	7 	0.65
177 	30 	0.855072463768
37 	23 	0.616666666667
57 	13 	0.814285714286
529 	336 	0.611560693642
39 	72 	0.351351351351
107 	36 	0.748251748252
8 	19 	0.296296296296
51 	12 	0.809523809524
68 	28 	0.708333333333
51 	30 	0.62962962963
212 	120 	0.638554216867
144 	43 	0.770053475936
121 	43 	0.737804878049
15 	8 	0.652173913043
14 	18 	0.4375
31 	12 	0.720930232558
35 	15 	0.7
13 	3 	0.8125
12 	15 	0.444444444444
62 	8 	0.885714285714
58 	26 	0.690476190476
29 	17 	0.630434782609
16 	1 	0.941176470588
15 	3 	0.833333333333
38 	13 	0.745098039216
17 	11 	0.607142857143
66 	60 	0.52380952381
74 	64 	0.536231884058
14 	4 	0.777777777778
13 	15 	0.464285714286
46 	5 	0.901960784314
32 	14 	0.695652173913
19 	7 	0.730769230769
27 	8 	0.771428571429
52 	4 	0.928571428571
6 	9 	0.4
34 	18 	0.653846153846
40 	41 	0.493827160494
17 	19 	0.472222222222
23 	23 	0.5
27 	1 	0.964285714286
90 	71 	0.55900621118
98 	42 	0.7
18 	12 	0.6
77 	2 	0.974683544304
338 	5 	0.985422740525
23 	20 	0.53488372093
