25 	23 	0.520833333333
17 	14 	0.548387096774
22 	15 	0.594594594595
100 	74 	0.574712643678
27 	2 	0.931034482759
37 	23 	0.616666666667
63 	58 	0.520661157025
17 	20 	0.459459459459
17 	17 	0.5
102 	88 	0.536842105263
7 	15 	0.318181818182
25 	8 	0.757575757576
95 	53 	0.641891891892
63 	21 	0.75
49 	23 	0.680555555556
72 	40 	0.642857142857
83 	49 	0.628787878788
34 	16 	0.68
42 	21 	0.666666666667
110 	79 	0.582010582011
55 	19 	0.743243243243
12 	5 	0.705882352941
42 	25 	0.626865671642
65 	23 	0.738636363636
91 	21 	0.8125
9 	11 	0.45
24 	16 	0.6
28 	26 	0.518518518519
17 	15 	0.53125
26 	19 	0.577777777778
21 	11 	0.65625
26 	40 	0.393939393939
98 	57 	0.632258064516
53 	25 	0.679487179487
61 	46 	0.570093457944
39 	13 	0.75
7 	12 	0.368421052632
15 	20 	0.428571428571
30 	21 	0.588235294118
93 	30 	0.756097560976
28 	30 	0.48275862069
534 	27 	0.951871657754
12 	5 	0.705882352941
125 	37 	0.771604938272
70 	130 	0.35
24 	9 	0.727272727273
94 	29 	0.764227642276
101 	21 	0.827868852459
60 	39 	0.606060606061
31 	39 	0.442857142857
10 	10 	0.5
178 	29 	0.859903381643
38 	22 	0.633333333333
51 	19 	0.728571428571
544 	321 	0.628901734104
47 	64 	0.423423423423
108 	35 	0.755244755245
9 	18 	0.333333333333
46 	17 	0.730158730159
64 	32 	0.666666666667
53 	28 	0.654320987654
206 	126 	0.620481927711
143 	44 	0.764705882353
120 	44 	0.731707317073
16 	7 	0.695652173913
11 	21 	0.34375
31 	12 	0.720930232558
28 	22 	0.56
14 	13 	0.518518518519
63 	7 	0.9
58 	26 	0.690476190476
33 	13 	0.717391304348
16 	1 	0.941176470588
15 	3 	0.833333333333
30 	21 	0.588235294118
15 	13 	0.535714285714
77 	49 	0.611111111111
85 	53 	0.615942028986
11 	7 	0.611111111111
10 	18 	0.357142857143
46 	5 	0.901960784314
34 	12 	0.739130434783
18 	8 	0.692307692308
20 	15 	0.571428571429
54 	2 	0.964285714286
36 	16 	0.692307692308
39 	42 	0.481481481481
19 	17 	0.527777777778
24 	22 	0.521739130435
27 	1 	0.964285714286
90 	71 	0.55900621118
103 	37 	0.735714285714
18 	12 	0.6
77 	2 	0.974683544304
338 	5 	0.985422740525
25 	18 	0.581395348837
