23 	25 	0.479166666667
8 	4 	0.666666666667
21 	10 	0.677419354839
22 	15 	0.594594594595
84 	90 	0.48275862069
27 	2 	0.931034482759
30 	30 	0.5
42 	79 	0.347107438017
14 	23 	0.378378378378
16 	18 	0.470588235294
88 	102 	0.463157894737
9 	13 	0.409090909091
25 	8 	0.757575757576
75 	73 	0.506756756757
57 	27 	0.678571428571
44 	28 	0.611111111111
12 	4 	0.75
71 	41 	0.633928571429
89 	43 	0.674242424242
32 	18 	0.64
41 	22 	0.650793650794
128 	61 	0.677248677249
51 	23 	0.689189189189
12 	5 	0.705882352941
46 	21 	0.686567164179
56 	32 	0.636363636364
91 	21 	0.8125
11 	9 	0.55
18 	22 	0.45
25 	29 	0.462962962963
13 	19 	0.40625
23 	22 	0.511111111111
23 	9 	0.71875
31 	35 	0.469696969697
93 	62 	0.6
56 	22 	0.717948717949
56 	51 	0.523364485981
40 	12 	0.769230769231
9 	10 	0.473684210526
14 	21 	0.4
30 	21 	0.588235294118
95 	28 	0.772357723577
36 	22 	0.620689655172
513 	48 	0.914438502674
6 	11 	0.352941176471
125 	37 	0.771604938272
85 	115 	0.425
27 	6 	0.818181818182
92 	31 	0.747967479675
91 	31 	0.745901639344
54 	45 	0.545454545455
42 	28 	0.6
15 	5 	0.75
177 	30 	0.855072463768
25 	35 	0.416666666667
53 	17 	0.757142857143
528 	337 	0.610404624277
31 	80 	0.279279279279
107 	36 	0.748251748252
11 	16 	0.407407407407
40 	23 	0.634920634921
68 	28 	0.708333333333
50 	31 	0.617283950617
206 	126 	0.620481927711
137 	50 	0.732620320856
121 	43 	0.737804878049
16 	7 	0.695652173913
12 	20 	0.375
21 	22 	0.488372093023
29 	21 	0.58
13 	3 	0.8125
17 	10 	0.62962962963
62 	8 	0.885714285714
55 	29 	0.654761904762
31 	15 	0.673913043478
15 	2 	0.882352941176
14 	4 	0.777777777778
39 	12 	0.764705882353
13 	15 	0.464285714286
52 	74 	0.412698412698
81 	57 	0.586956521739
10 	8 	0.555555555556
13 	15 	0.464285714286
46 	5 	0.901960784314
32 	14 	0.695652173913
20 	6 	0.769230769231
26 	9 	0.742857142857
52 	4 	0.928571428571
7 	8 	0.466666666667
35 	17 	0.673076923077
35 	46 	0.432098765432
22 	14 	0.611111111111
19 	27 	0.413043478261
27 	1 	0.964285714286
77 	84 	0.478260869565
104 	36 	0.742857142857
19 	11 	0.633333333333
77 	2 	0.974683544304
338 	5 	0.985422740525
20 	23 	0.46511627907
