30 	18 	0.625
6 	6 	0.5
17 	14 	0.548387096774
21 	16 	0.567567567568
72 	102 	0.413793103448
27 	2 	0.931034482759
29 	31 	0.483333333333
46 	75 	0.380165289256
21 	16 	0.567567567568
17 	17 	0.5
91 	99 	0.478947368421
9 	13 	0.409090909091
23 	10 	0.69696969697
76 	72 	0.513513513514
59 	25 	0.702380952381
44 	28 	0.611111111111
14 	2 	0.875
73 	39 	0.651785714286
84 	48 	0.636363636364
32 	18 	0.64
43 	20 	0.68253968254
93 	96 	0.492063492063
43 	31 	0.581081081081
10 	7 	0.588235294118
44 	23 	0.65671641791
64 	24 	0.727272727273
91 	21 	0.8125
10 	10 	0.5
19 	21 	0.475
28 	26 	0.518518518519
13 	19 	0.40625
22 	23 	0.488888888889
24 	8 	0.75
25 	41 	0.378787878788
90 	65 	0.58064516129
55 	23 	0.705128205128
51 	56 	0.476635514019
42 	10 	0.807692307692
8 	11 	0.421052631579
16 	19 	0.457142857143
31 	20 	0.607843137255
85 	38 	0.691056910569
34 	24 	0.586206896552
513 	48 	0.914438502674
12 	5 	0.705882352941
122 	40 	0.753086419753
62 	138 	0.31
24 	9 	0.727272727273
92 	31 	0.747967479675
83 	39 	0.680327868852
52 	47 	0.525252525253
39 	31 	0.557142857143
11 	9 	0.55
175 	32 	0.845410628019
23 	37 	0.383333333333
52 	18 	0.742857142857
519 	346 	0.6
25 	86 	0.225225225225
114 	29 	0.797202797203
7 	20 	0.259259259259
45 	18 	0.714285714286
66 	30 	0.6875
50 	31 	0.617283950617
178 	154 	0.536144578313
138 	49 	0.737967914439
108 	56 	0.658536585366
15 	8 	0.652173913043
12 	20 	0.375
22 	21 	0.511627906977
19 	31 	0.38
13 	3 	0.8125
17 	10 	0.62962962963
63 	7 	0.9
52 	32 	0.619047619048
30 	16 	0.652173913043
16 	1 	0.941176470588
15 	3 	0.833333333333
30 	21 	0.588235294118
15 	13 	0.535714285714
61 	65 	0.484126984127
75 	63 	0.54347826087
12 	6 	0.666666666667
9 	19 	0.321428571429
46 	5 	0.901960784314
32 	14 	0.695652173913
20 	6 	0.769230769231
17 	18 	0.485714285714
53 	3 	0.946428571429
3 	12 	0.2
36 	16 	0.692307692308
33 	48 	0.407407407407
16 	20 	0.444444444444
24 	22 	0.521739130435
27 	1 	0.964285714286
84 	77 	0.521739130435
97 	43 	0.692857142857
17 	13 	0.566666666667
77 	2 	0.974683544304
337 	6 	0.98250728863
23 	20 	0.53488372093
