22 	26 	0.458333333333
5 	7 	0.416666666667
16 	15 	0.516129032258
21 	16 	0.567567567568
70 	104 	0.402298850575
27 	2 	0.931034482759
22 	38 	0.366666666667
53 	68 	0.438016528926
17 	20 	0.459459459459
17 	17 	0.5
96 	94 	0.505263157895
4 	18 	0.181818181818
19 	14 	0.575757575758
58 	90 	0.391891891892
62 	22 	0.738095238095
46 	26 	0.638888888889
13 	3 	0.8125
72 	40 	0.642857142857
84 	48 	0.636363636364
33 	17 	0.66
44 	19 	0.698412698413
103 	86 	0.544973544974
37 	37 	0.5
12 	5 	0.705882352941
38 	29 	0.567164179104
65 	23 	0.738636363636
93 	19 	0.830357142857
8 	12 	0.4
21 	19 	0.525
26 	28 	0.481481481481
11 	21 	0.34375
26 	19 	0.577777777778
18 	14 	0.5625
30 	36 	0.454545454545
79 	76 	0.509677419355
53 	25 	0.679487179487
55 	52 	0.514018691589
33 	19 	0.634615384615
6 	13 	0.315789473684
17 	18 	0.485714285714
30 	21 	0.588235294118
90 	33 	0.731707317073
29 	29 	0.5
510 	51 	0.909090909091
12 	5 	0.705882352941
122 	40 	0.753086419753
74 	126 	0.37
22 	11 	0.666666666667
92 	31 	0.747967479675
91 	31 	0.745901639344
42 	57 	0.424242424242
35 	35 	0.5
4 	16 	0.2
177 	30 	0.855072463768
25 	35 	0.416666666667
53 	17 	0.757142857143
476 	389 	0.550289017341
39 	72 	0.351351351351
107 	36 	0.748251748252
7 	20 	0.259259259259
39 	24 	0.619047619048
63 	33 	0.65625
45 	36 	0.555555555556
192 	140 	0.578313253012
131 	56 	0.700534759358
110 	54 	0.670731707317
11 	12 	0.478260869565
11 	21 	0.34375
19 	24 	0.441860465116
25 	25 	0.5
14 	2 	0.875
14 	13 	0.518518518519
63 	7 	0.9
53 	31 	0.630952380952
26 	20 	0.565217391304
16 	1 	0.941176470588
15 	3 	0.833333333333
23 	28 	0.450980392157
9 	19 	0.321428571429
72 	54 	0.571428571429
83 	55 	0.601449275362
11 	7 	0.611111111111
12 	16 	0.428571428571
46 	5 	0.901960784314
28 	18 	0.608695652174
19 	7 	0.730769230769
20 	15 	0.571428571429
52 	4 	0.928571428571
8 	7 	0.533333333333
36 	16 	0.692307692308
31 	50 	0.382716049383
12 	24 	0.333333333333
22 	24 	0.478260869565
27 	1 	0.964285714286
83 	78 	0.515527950311
103 	37 	0.735714285714
16 	14 	0.533333333333
77 	2 	0.974683544304
338 	5 	0.985422740525
15 	28 	0.348837209302
