24 	24 	0.5
6 	6 	0.5
16 	15 	0.516129032258
20 	17 	0.540540540541
100 	74 	0.574712643678
27 	2 	0.931034482759
34 	26 	0.566666666667
64 	57 	0.528925619835
18 	19 	0.486486486486
17 	17 	0.5
104 	86 	0.547368421053
9 	13 	0.409090909091
24 	9 	0.727272727273
92 	56 	0.621621621622
64 	20 	0.761904761905
46 	26 	0.638888888889
12 	4 	0.75
69 	43 	0.616071428571
84 	48 	0.636363636364
32 	18 	0.64
41 	22 	0.650793650794
106 	83 	0.560846560847
55 	19 	0.743243243243
12 	5 	0.705882352941
37 	30 	0.55223880597
61 	27 	0.693181818182
86 	26 	0.767857142857
12 	8 	0.6
25 	15 	0.625
25 	29 	0.462962962963
18 	14 	0.5625
24 	21 	0.533333333333
20 	12 	0.625
28 	38 	0.424242424242
92 	63 	0.593548387097
54 	24 	0.692307692308
58 	49 	0.542056074766
40 	12 	0.769230769231
9 	10 	0.473684210526
16 	19 	0.457142857143
29 	22 	0.56862745098
86 	37 	0.69918699187
30 	28 	0.51724137931
524 	37 	0.934046345811
10 	7 	0.588235294118
129 	33 	0.796296296296
77 	123 	0.385
26 	7 	0.787878787879
93 	30 	0.756097560976
100 	22 	0.819672131148
57 	42 	0.575757575758
33 	37 	0.471428571429
10 	10 	0.5
175 	32 	0.845410628019
39 	21 	0.65
48 	22 	0.685714285714
519 	346 	0.6
49 	62 	0.441441441441
110 	33 	0.769230769231
12 	15 	0.444444444444
45 	18 	0.714285714286
69 	27 	0.71875
52 	29 	0.641975308642
200 	132 	0.602409638554
141 	46 	0.754010695187
116 	48 	0.707317073171
16 	7 	0.695652173913
13 	19 	0.40625
27 	16 	0.627906976744
22 	28 	0.44
14 	2 	0.875
12 	15 	0.444444444444
63 	7 	0.9
64 	20 	0.761904761905
29 	17 	0.630434782609
16 	1 	0.941176470588
15 	3 	0.833333333333
33 	18 	0.647058823529
18 	10 	0.642857142857
82 	44 	0.650793650794
82 	56 	0.594202898551
14 	4 	0.777777777778
10 	18 	0.357142857143
46 	5 	0.901960784314
32 	14 	0.695652173913
19 	7 	0.730769230769
22 	13 	0.628571428571
52 	4 	0.928571428571
5 	10 	0.333333333333
37 	15 	0.711538461538
35 	46 	0.432098765432
19 	17 	0.527777777778
24 	22 	0.521739130435
27 	1 	0.964285714286
95 	66 	0.590062111801
105 	35 	0.75
17 	13 	0.566666666667
77 	2 	0.974683544304
338 	5 	0.985422740525
20 	23 	0.46511627907
