28 	20 	0.583333333333
5 	7 	0.416666666667
20 	11 	0.645161290323
21 	16 	0.567567567568
108 	66 	0.620689655172
27 	2 	0.931034482759
39 	21 	0.65
61 	60 	0.504132231405
15 	22 	0.405405405405
21 	13 	0.617647058824
112 	78 	0.589473684211
9 	13 	0.409090909091
25 	8 	0.757575757576
94 	54 	0.635135135135
64 	20 	0.761904761905
46 	26 	0.638888888889
12 	4 	0.75
71 	41 	0.633928571429
91 	41 	0.689393939394
41 	9 	0.82
45 	18 	0.714285714286
122 	67 	0.645502645503
63 	11 	0.851351351351
12 	5 	0.705882352941
43 	24 	0.641791044776
56 	32 	0.636363636364
90 	22 	0.803571428571
13 	7 	0.65
24 	16 	0.6
26 	28 	0.481481481481
20 	12 	0.625
22 	23 	0.488888888889
19 	13 	0.59375
26 	40 	0.393939393939
109 	46 	0.703225806452
52 	26 	0.666666666667
61 	46 	0.570093457944
40 	12 	0.769230769231
6 	13 	0.315789473684
16 	19 	0.457142857143
33 	18 	0.647058823529
93 	30 	0.756097560976
33 	25 	0.568965517241
544 	17 	0.969696969697
13 	4 	0.764705882353
131 	31 	0.808641975309
84 	116 	0.42
22 	11 	0.666666666667
90 	33 	0.731707317073
97 	25 	0.795081967213
71 	28 	0.717171717172
42 	28 	0.6
10 	10 	0.5
170 	37 	0.821256038647
41 	19 	0.683333333333
53 	17 	0.757142857143
555 	310 	0.64161849711
49 	62 	0.441441441441
113 	30 	0.79020979021
8 	19 	0.296296296296
52 	11 	0.825396825397
66 	30 	0.6875
51 	30 	0.62962962963
218 	114 	0.656626506024
154 	33 	0.823529411765
129 	35 	0.786585365854
13 	10 	0.565217391304
12 	20 	0.375
32 	11 	0.744186046512
33 	17 	0.66
13 	3 	0.8125
14 	13 	0.518518518519
62 	8 	0.885714285714
56 	28 	0.666666666667
33 	13 	0.717391304348
16 	1 	0.941176470588
15 	3 	0.833333333333
39 	12 	0.764705882353
15 	13 	0.535714285714
73 	53 	0.579365079365
83 	55 	0.601449275362
14 	4 	0.777777777778
14 	14 	0.5
46 	5 	0.901960784314
33 	13 	0.717391304348
20 	6 	0.769230769231
23 	12 	0.657142857143
52 	4 	0.928571428571
6 	9 	0.4
34 	18 	0.653846153846
41 	40 	0.506172839506
21 	15 	0.583333333333
26 	20 	0.565217391304
27 	1 	0.964285714286
96 	65 	0.596273291925
107 	33 	0.764285714286
16 	14 	0.533333333333
77 	2 	0.974683544304
338 	5 	0.985422740525
26 	17 	0.604651162791
