26 	22 	0.541666666667
6 	6 	0.5
19 	12 	0.612903225806
21 	16 	0.567567567568
103 	71 	0.591954022989
27 	2 	0.931034482759
42 	18 	0.7
60 	61 	0.495867768595
12 	25 	0.324324324324
21 	13 	0.617647058824
109 	81 	0.573684210526
11 	11 	0.5
25 	8 	0.757575757576
84 	64 	0.567567567568
57 	27 	0.678571428571
47 	25 	0.652777777778
13 	3 	0.8125
75 	37 	0.669642857143
90 	42 	0.681818181818
40 	10 	0.8
43 	20 	0.68253968254
123 	66 	0.650793650794
54 	20 	0.72972972973
12 	5 	0.705882352941
49 	18 	0.731343283582
60 	28 	0.681818181818
91 	21 	0.8125
8 	12 	0.4
22 	18 	0.55
27 	27 	0.5
19 	13 	0.59375
24 	21 	0.533333333333
25 	7 	0.78125
31 	35 	0.469696969697
89 	66 	0.574193548387
52 	26 	0.666666666667
60 	47 	0.560747663551
35 	17 	0.673076923077
9 	10 	0.473684210526
18 	17 	0.514285714286
28 	23 	0.549019607843
93 	30 	0.756097560976
36 	22 	0.620689655172
513 	48 	0.914438502674
8 	9 	0.470588235294
132 	30 	0.814814814815
73 	127 	0.365
25 	8 	0.757575757576
95 	28 	0.772357723577
94 	28 	0.770491803279
61 	38 	0.616161616162
43 	27 	0.614285714286
13 	7 	0.65
177 	30 	0.855072463768
34 	26 	0.566666666667
51 	19 	0.728571428571
518 	347 	0.598843930636
43 	68 	0.387387387387
109 	34 	0.762237762238
8 	19 	0.296296296296
53 	10 	0.84126984127
69 	27 	0.71875
53 	28 	0.654320987654
212 	120 	0.638554216867
146 	41 	0.780748663102
126 	38 	0.768292682927
16 	7 	0.695652173913
11 	21 	0.34375
30 	13 	0.697674418605
31 	19 	0.62
13 	3 	0.8125
18 	9 	0.666666666667
63 	7 	0.9
58 	26 	0.690476190476
33 	13 	0.717391304348
16 	1 	0.941176470588
15 	3 	0.833333333333
39 	12 	0.764705882353
15 	13 	0.535714285714
69 	57 	0.547619047619
78 	60 	0.565217391304
12 	6 	0.666666666667
11 	17 	0.392857142857
46 	5 	0.901960784314
33 	13 	0.717391304348
20 	6 	0.769230769231
25 	10 	0.714285714286
52 	4 	0.928571428571
6 	9 	0.4
34 	18 	0.653846153846
41 	40 	0.506172839506
22 	14 	0.611111111111
24 	22 	0.521739130435
27 	1 	0.964285714286
90 	71 	0.55900621118
100 	40 	0.714285714286
20 	10 	0.666666666667
77 	2 	0.974683544304
338 	5 	0.985422740525
27 	16 	0.627906976744
