20 	28 	0.416666666667
7 	5 	0.583333333333
13 	18 	0.41935483871
23 	14 	0.621621621622
84 	90 	0.48275862069
27 	2 	0.931034482759
28 	32 	0.466666666667
43 	78 	0.355371900826
21 	16 	0.567567567568
15 	19 	0.441176470588
94 	96 	0.494736842105
9 	13 	0.409090909091
21 	12 	0.636363636364
71 	77 	0.47972972973
59 	25 	0.702380952381
45 	27 	0.625
13 	3 	0.8125
70 	42 	0.625
83 	49 	0.628787878788
33 	17 	0.66
40 	23 	0.634920634921
108 	81 	0.571428571429
49 	25 	0.662162162162
12 	5 	0.705882352941
45 	22 	0.671641791045
64 	24 	0.727272727273
86 	26 	0.767857142857
9 	11 	0.45
14 	26 	0.35
25 	29 	0.462962962963
14 	18 	0.4375
23 	22 	0.511111111111
21 	11 	0.65625
30 	36 	0.454545454545
75 	80 	0.483870967742
53 	25 	0.679487179487
56 	51 	0.523364485981
38 	14 	0.730769230769
7 	12 	0.368421052632
13 	22 	0.371428571429
23 	28 	0.450980392157
96 	27 	0.780487804878
29 	29 	0.5
513 	48 	0.914438502674
11 	6 	0.647058823529
121 	41 	0.746913580247
65 	135 	0.325
18 	15 	0.545454545455
95 	28 	0.772357723577
84 	38 	0.688524590164
64 	35 	0.646464646465
36 	34 	0.514285714286
5 	15 	0.25
175 	32 	0.845410628019
26 	34 	0.433333333333
50 	20 	0.714285714286
485 	380 	0.560693641618
35 	76 	0.315315315315
106 	37 	0.741258741259
7 	20 	0.259259259259
44 	19 	0.698412698413
62 	34 	0.645833333333
47 	34 	0.58024691358
172 	160 	0.518072289157
139 	48 	0.743315508021
105 	59 	0.640243902439
12 	11 	0.521739130435
8 	24 	0.25
24 	19 	0.558139534884
25 	25 	0.5
14 	2 	0.875
12 	15 	0.444444444444
63 	7 	0.9
44 	40 	0.52380952381
28 	18 	0.608695652174
16 	1 	0.941176470588
14 	4 	0.777777777778
22 	29 	0.43137254902
11 	17 	0.392857142857
79 	47 	0.626984126984
87 	51 	0.630434782609
11 	7 	0.611111111111
8 	20 	0.285714285714
45 	6 	0.882352941176
31 	15 	0.673913043478
18 	8 	0.692307692308
26 	9 	0.742857142857
51 	5 	0.910714285714
6 	9 	0.4
34 	18 	0.653846153846
35 	46 	0.432098765432
14 	22 	0.388888888889
16 	30 	0.347826086957
27 	1 	0.964285714286
85 	76 	0.527950310559
102 	38 	0.728571428571
15 	15 	0.5
77 	2 	0.974683544304
338 	5 	0.985422740525
20 	23 	0.46511627907
