20 	28 	0.416666666667
7 	5 	0.583333333333
13 	18 	0.41935483871
21 	16 	0.567567567568
84 	90 	0.48275862069
27 	2 	0.931034482759
27 	33 	0.45
47 	74 	0.388429752066
21 	16 	0.567567567568
15 	19 	0.441176470588
96 	94 	0.505263157895
11 	11 	0.5
20 	13 	0.606060606061
71 	77 	0.47972972973
60 	24 	0.714285714286
45 	27 	0.625
13 	3 	0.8125
72 	40 	0.642857142857
86 	46 	0.651515151515
32 	18 	0.64
40 	23 	0.634920634921
109 	80 	0.57671957672
48 	26 	0.648648648649
12 	5 	0.705882352941
45 	22 	0.671641791045
65 	23 	0.738636363636
86 	26 	0.767857142857
8 	12 	0.4
14 	26 	0.35
25 	29 	0.462962962963
15 	17 	0.46875
23 	22 	0.511111111111
22 	10 	0.6875
29 	37 	0.439393939394
76 	79 	0.490322580645
51 	27 	0.653846153846
54 	53 	0.504672897196
39 	13 	0.75
6 	13 	0.315789473684
15 	20 	0.428571428571
23 	28 	0.450980392157
96 	27 	0.780487804878
27 	31 	0.465517241379
514 	47 	0.916221033868
11 	6 	0.647058823529
121 	41 	0.746913580247
69 	131 	0.345
19 	14 	0.575757575758
97 	26 	0.788617886179
87 	35 	0.713114754098
63 	36 	0.636363636364
37 	33 	0.528571428571
5 	15 	0.25
175 	32 	0.845410628019
26 	34 	0.433333333333
51 	19 	0.728571428571
485 	380 	0.560693641618
36 	75 	0.324324324324
105 	38 	0.734265734266
7 	20 	0.259259259259
42 	21 	0.666666666667
62 	34 	0.645833333333
48 	33 	0.592592592593
169 	163 	0.509036144578
135 	52 	0.72192513369
102 	62 	0.621951219512
11 	12 	0.478260869565
8 	24 	0.25
23 	20 	0.53488372093
24 	26 	0.48
14 	2 	0.875
12 	15 	0.444444444444
63 	7 	0.9
42 	42 	0.5
31 	15 	0.673913043478
16 	1 	0.941176470588
14 	4 	0.777777777778
21 	30 	0.411764705882
10 	18 	0.357142857143
79 	47 	0.626984126984
87 	51 	0.630434782609
11 	7 	0.611111111111
8 	20 	0.285714285714
45 	6 	0.882352941176
32 	14 	0.695652173913
18 	8 	0.692307692308
28 	7 	0.8
51 	5 	0.910714285714
6 	9 	0.4
34 	18 	0.653846153846
35 	46 	0.432098765432
13 	23 	0.361111111111
16 	30 	0.347826086957
27 	1 	0.964285714286
86 	75 	0.534161490683
102 	38 	0.728571428571
15 	15 	0.5
77 	2 	0.974683544304
338 	5 	0.985422740525
22 	21 	0.511627906977
