26 	22 	0.541666666667
7 	5 	0.583333333333
18 	13 	0.58064516129
21 	16 	0.567567567568
90 	84 	0.51724137931
27 	2 	0.931034482759
35 	25 	0.583333333333
67 	54 	0.553719008264
19 	18 	0.513513513514
17 	17 	0.5
99 	91 	0.521052631579
8 	14 	0.363636363636
25 	8 	0.757575757576
86 	62 	0.581081081081
62 	22 	0.738095238095
43 	29 	0.597222222222
12 	4 	0.75
68 	44 	0.607142857143
85 	47 	0.643939393939
29 	21 	0.58
42 	21 	0.666666666667
108 	81 	0.571428571429
55 	19 	0.743243243243
12 	5 	0.705882352941
39 	28 	0.582089552239
62 	26 	0.704545454545
90 	22 	0.803571428571
11 	9 	0.55
24 	16 	0.6
27 	27 	0.5
18 	14 	0.5625
26 	19 	0.577777777778
19 	13 	0.59375
29 	37 	0.439393939394
88 	67 	0.567741935484
51 	27 	0.653846153846
59 	48 	0.551401869159
40 	12 	0.769230769231
7 	12 	0.368421052632
16 	19 	0.457142857143
30 	21 	0.588235294118
90 	33 	0.731707317073
29 	29 	0.5
527 	34 	0.939393939394
11 	6 	0.647058823529
127 	35 	0.783950617284
82 	118 	0.41
24 	9 	0.727272727273
90 	33 	0.731707317073
101 	21 	0.827868852459
56 	43 	0.565656565657
34 	36 	0.485714285714
11 	9 	0.55
178 	29 	0.859903381643
38 	22 	0.633333333333
46 	24 	0.657142857143
526 	339 	0.608092485549
49 	62 	0.441441441441
113 	30 	0.79020979021
14 	13 	0.518518518519
45 	18 	0.714285714286
68 	28 	0.708333333333
52 	29 	0.641975308642
209 	123 	0.629518072289
140 	47 	0.748663101604
114 	50 	0.69512195122
15 	8 	0.652173913043
14 	18 	0.4375
27 	16 	0.627906976744
19 	31 	0.38
13 	3 	0.8125
16 	11 	0.592592592593
63 	7 	0.9
64 	20 	0.761904761905
32 	14 	0.695652173913
16 	1 	0.941176470588
15 	3 	0.833333333333
35 	16 	0.686274509804
18 	10 	0.642857142857
77 	49 	0.611111111111
84 	54 	0.608695652174
12 	6 	0.666666666667
11 	17 	0.392857142857
46 	5 	0.901960784314
32 	14 	0.695652173913
20 	6 	0.769230769231
23 	12 	0.657142857143
52 	4 	0.928571428571
3 	12 	0.2
36 	16 	0.692307692308
39 	42 	0.481481481481
20 	16 	0.555555555556
24 	22 	0.521739130435
27 	1 	0.964285714286
91 	70 	0.565217391304
101 	39 	0.721428571429
19 	11 	0.633333333333
77 	2 	0.974683544304
338 	5 	0.985422740525
19 	24 	0.441860465116
