21 	27 	0.4375
6 	6 	0.5
21 	10 	0.677419354839
23 	14 	0.621621621622
93 	81 	0.534482758621
27 	2 	0.931034482759
29 	31 	0.483333333333
44 	77 	0.363636363636
16 	21 	0.432432432432
15 	19 	0.441176470588
88 	102 	0.463157894737
9 	13 	0.409090909091
24 	9 	0.727272727273
76 	72 	0.513513513514
58 	26 	0.690476190476
43 	29 	0.597222222222
12 	4 	0.75
73 	39 	0.651785714286
86 	46 	0.651515151515
33 	17 	0.66
42 	21 	0.666666666667
126 	63 	0.666666666667
47 	27 	0.635135135135
12 	5 	0.705882352941
40 	27 	0.597014925373
60 	28 	0.681818181818
88 	24 	0.785714285714
10 	10 	0.5
15 	25 	0.375
27 	27 	0.5
14 	18 	0.4375
21 	24 	0.466666666667
23 	9 	0.71875
30 	36 	0.454545454545
86 	69 	0.554838709677
55 	23 	0.705128205128
52 	55 	0.485981308411
39 	13 	0.75
10 	9 	0.526315789474
13 	22 	0.371428571429
27 	24 	0.529411764706
89 	34 	0.723577235772
35 	23 	0.603448275862
517 	44 	0.921568627451
9 	8 	0.529411764706
124 	38 	0.765432098765
84 	116 	0.42
28 	5 	0.848484848485
95 	28 	0.772357723577
97 	25 	0.795081967213
48 	51 	0.484848484848
40 	30 	0.571428571429
13 	7 	0.65
177 	30 	0.855072463768
31 	29 	0.516666666667
52 	18 	0.742857142857
528 	337 	0.610404624277
27 	84 	0.243243243243
107 	36 	0.748251748252
5 	22 	0.185185185185
42 	21 	0.666666666667
67 	29 	0.697916666667
53 	28 	0.654320987654
216 	116 	0.650602409639
139 	48 	0.743315508021
105 	59 	0.640243902439
18 	5 	0.782608695652
9 	23 	0.28125
21 	22 	0.488372093023
28 	22 	0.56
13 	3 	0.8125
15 	12 	0.555555555556
63 	7 	0.9
60 	24 	0.714285714286
28 	18 	0.608695652174
16 	1 	0.941176470588
17 	1 	0.944444444444
36 	15 	0.705882352941
14 	14 	0.5
60 	66 	0.47619047619
86 	52 	0.623188405797
11 	7 	0.611111111111
13 	15 	0.464285714286
46 	5 	0.901960784314
34 	12 	0.739130434783
20 	6 	0.769230769231
26 	9 	0.742857142857
52 	4 	0.928571428571
6 	9 	0.4
33 	19 	0.634615384615
40 	41 	0.493827160494
18 	18 	0.5
20 	26 	0.434782608696
27 	1 	0.964285714286
89 	72 	0.552795031056
100 	40 	0.714285714286
20 	10 	0.666666666667
77 	2 	0.974683544304
338 	5 	0.985422740525
17 	26 	0.395348837209
