25 	23 	0.520833333333
8 	4 	0.666666666667
20 	11 	0.645161290323
23 	14 	0.621621621622
85 	89 	0.488505747126
27 	2 	0.931034482759
32 	28 	0.533333333333
42 	79 	0.347107438017
18 	19 	0.486486486486
15 	19 	0.441176470588
89 	101 	0.468421052632
7 	15 	0.318181818182
26 	7 	0.787878787879
77 	71 	0.52027027027
54 	30 	0.642857142857
44 	28 	0.611111111111
11 	5 	0.6875
70 	42 	0.625
85 	47 	0.643939393939
31 	19 	0.62
41 	22 	0.650793650794
124 	65 	0.656084656085
51 	23 	0.689189189189
12 	5 	0.705882352941
47 	20 	0.701492537313
56 	32 	0.636363636364
91 	21 	0.8125
11 	9 	0.55
16 	24 	0.4
26 	28 	0.481481481481
14 	18 	0.4375
23 	22 	0.511111111111
22 	10 	0.6875
31 	35 	0.469696969697
92 	63 	0.593548387097
52 	26 	0.666666666667
56 	51 	0.523364485981
39 	13 	0.75
9 	10 	0.473684210526
15 	20 	0.428571428571
32 	19 	0.627450980392
93 	30 	0.756097560976
33 	25 	0.568965517241
511 	50 	0.910873440285
6 	11 	0.352941176471
123 	39 	0.759259259259
82 	118 	0.41
29 	4 	0.878787878788
94 	29 	0.764227642276
92 	30 	0.754098360656
55 	44 	0.555555555556
42 	28 	0.6
15 	5 	0.75
176 	31 	0.850241545894
22 	38 	0.366666666667
53 	17 	0.757142857143
511 	354 	0.590751445087
29 	82 	0.261261261261
106 	37 	0.741258741259
11 	16 	0.407407407407
41 	22 	0.650793650794
66 	30 	0.6875
51 	30 	0.62962962963
206 	126 	0.620481927711
137 	50 	0.732620320856
119 	45 	0.725609756098
17 	6 	0.739130434783
12 	20 	0.375
22 	21 	0.511627906977
32 	18 	0.64
13 	3 	0.8125
15 	12 	0.555555555556
62 	8 	0.885714285714
57 	27 	0.678571428571
33 	13 	0.717391304348
15 	2 	0.882352941176
16 	2 	0.888888888889
38 	13 	0.745098039216
13 	15 	0.464285714286
55 	71 	0.436507936508
79 	59 	0.572463768116
11 	7 	0.611111111111
13 	15 	0.464285714286
46 	5 	0.901960784314
32 	14 	0.695652173913
19 	7 	0.730769230769
26 	9 	0.742857142857
52 	4 	0.928571428571
8 	7 	0.533333333333
33 	19 	0.634615384615
34 	47 	0.41975308642
22 	14 	0.611111111111
22 	24 	0.478260869565
27 	1 	0.964285714286
74 	87 	0.459627329193
99 	41 	0.707142857143
20 	10 	0.666666666667
77 	2 	0.974683544304
338 	5 	0.985422740525
23 	20 	0.53488372093
