21 	27 	0.4375
6 	6 	0.5
19 	12 	0.612903225806
22 	15 	0.594594594595
100 	74 	0.574712643678
27 	2 	0.931034482759
40 	20 	0.666666666667
60 	61 	0.495867768595
14 	23 	0.378378378378
22 	12 	0.647058823529
95 	95 	0.5
10 	12 	0.454545454545
25 	8 	0.757575757576
76 	72 	0.513513513514
59 	25 	0.702380952381
48 	24 	0.666666666667
12 	4 	0.75
72 	40 	0.642857142857
86 	46 	0.651515151515
40 	10 	0.8
41 	22 	0.650793650794
122 	67 	0.645502645503
53 	21 	0.716216216216
12 	5 	0.705882352941
47 	20 	0.701492537313
62 	26 	0.704545454545
92 	20 	0.821428571429
9 	11 	0.45
20 	20 	0.5
25 	29 	0.462962962963
16 	16 	0.5
18 	27 	0.4
24 	8 	0.75
28 	38 	0.424242424242
88 	67 	0.567741935484
55 	23 	0.705128205128
58 	49 	0.542056074766
35 	17 	0.673076923077
10 	9 	0.526315789474
17 	18 	0.485714285714
27 	24 	0.529411764706
92 	31 	0.747967479675
34 	24 	0.586206896552
515 	46 	0.918003565062
8 	9 	0.470588235294
129 	33 	0.796296296296
85 	115 	0.425
29 	4 	0.878787878788
94 	29 	0.764227642276
97 	25 	0.795081967213
59 	40 	0.59595959596
44 	26 	0.628571428571
14 	6 	0.7
180 	27 	0.869565217391
38 	22 	0.633333333333
54 	16 	0.771428571429
530 	335 	0.612716763006
39 	72 	0.351351351351
105 	38 	0.734265734266
8 	19 	0.296296296296
53 	10 	0.84126984127
66 	30 	0.6875
54 	27 	0.666666666667
218 	114 	0.656626506024
147 	40 	0.786096256684
123 	41 	0.75
17 	6 	0.739130434783
13 	19 	0.40625
30 	13 	0.697674418605
31 	19 	0.62
13 	3 	0.8125
11 	16 	0.407407407407
62 	8 	0.885714285714
54 	30 	0.642857142857
32 	14 	0.695652173913
16 	1 	0.941176470588
15 	3 	0.833333333333
39 	12 	0.764705882353
18 	10 	0.642857142857
74 	52 	0.587301587302
81 	57 	0.586956521739
12 	6 	0.666666666667
13 	15 	0.464285714286
45 	6 	0.882352941176
34 	12 	0.739130434783
20 	6 	0.769230769231
25 	10 	0.714285714286
52 	4 	0.928571428571
7 	8 	0.466666666667
35 	17 	0.673076923077
40 	41 	0.493827160494
20 	16 	0.555555555556
22 	24 	0.478260869565
27 	1 	0.964285714286
90 	71 	0.55900621118
95 	45 	0.678571428571
20 	10 	0.666666666667
77 	2 	0.974683544304
338 	5 	0.985422740525
24 	19 	0.558139534884
