26 	22 	0.541666666667
8 	4 	0.666666666667
21 	10 	0.677419354839
19 	18 	0.513513513514
103 	71 	0.591954022989
27 	2 	0.931034482759
42 	18 	0.7
57 	64 	0.471074380165
14 	23 	0.378378378378
22 	12 	0.647058823529
99 	91 	0.521052631579
10 	12 	0.454545454545
23 	10 	0.69696969697
76 	72 	0.513513513514
61 	23 	0.72619047619
46 	26 	0.638888888889
12 	4 	0.75
77 	35 	0.6875
89 	43 	0.674242424242
41 	9 	0.82
41 	22 	0.650793650794
124 	65 	0.656084656085
56 	18 	0.756756756757
12 	5 	0.705882352941
49 	18 	0.731343283582
59 	29 	0.670454545455
93 	19 	0.830357142857
12 	8 	0.6
20 	20 	0.5
25 	29 	0.462962962963
18 	14 	0.5625
27 	18 	0.6
26 	6 	0.8125
28 	38 	0.424242424242
95 	60 	0.612903225806
55 	23 	0.705128205128
60 	47 	0.560747663551
34 	18 	0.653846153846
9 	10 	0.473684210526
17 	18 	0.485714285714
26 	25 	0.509803921569
94 	29 	0.764227642276
34 	24 	0.586206896552
512 	49 	0.91265597148
6 	11 	0.352941176471
131 	31 	0.808641975309
72 	128 	0.36
25 	8 	0.757575757576
93 	30 	0.756097560976
91 	31 	0.745901639344
63 	36 	0.636363636364
46 	24 	0.657142857143
14 	6 	0.7
180 	27 	0.869565217391
35 	25 	0.583333333333
56 	14 	0.8
522 	343 	0.603468208092
47 	64 	0.423423423423
107 	36 	0.748251748252
11 	16 	0.407407407407
51 	12 	0.809523809524
69 	27 	0.71875
50 	31 	0.617283950617
209 	123 	0.629518072289
146 	41 	0.780748663102
126 	38 	0.768292682927
13 	10 	0.565217391304
12 	20 	0.375
32 	11 	0.744186046512
32 	18 	0.64
13 	3 	0.8125
16 	11 	0.592592592593
63 	7 	0.9
56 	28 	0.666666666667
29 	17 	0.630434782609
16 	1 	0.941176470588
15 	3 	0.833333333333
38 	13 	0.745098039216
14 	14 	0.5
72 	54 	0.571428571429
77 	61 	0.557971014493
14 	4 	0.777777777778
7 	21 	0.25
45 	6 	0.882352941176
32 	14 	0.695652173913
20 	6 	0.769230769231
28 	7 	0.8
52 	4 	0.928571428571
5 	10 	0.333333333333
37 	15 	0.711538461538
39 	42 	0.481481481481
18 	18 	0.5
23 	23 	0.5
27 	1 	0.964285714286
83 	78 	0.515527950311
99 	41 	0.707142857143
21 	9 	0.7
77 	2 	0.974683544304
338 	5 	0.985422740525
25 	18 	0.581395348837
