23 	25 	0.479166666667
7 	5 	0.583333333333
19 	12 	0.612903225806
19 	18 	0.513513513514
100 	74 	0.574712643678
27 	2 	0.931034482759
36 	24 	0.6
60 	61 	0.495867768595
17 	20 	0.459459459459
20 	14 	0.588235294118
117 	73 	0.615789473684
13 	9 	0.590909090909
24 	9 	0.727272727273
90 	58 	0.608108108108
62 	22 	0.738095238095
51 	21 	0.708333333333
13 	3 	0.8125
76 	36 	0.678571428571
89 	43 	0.674242424242
41 	9 	0.82
46 	17 	0.730158730159
110 	79 	0.582010582011
58 	16 	0.783783783784
12 	5 	0.705882352941
42 	25 	0.626865671642
63 	25 	0.715909090909
88 	24 	0.785714285714
7 	13 	0.35
25 	15 	0.625
25 	29 	0.462962962963
22 	10 	0.6875
19 	26 	0.422222222222
22 	10 	0.6875
33 	33 	0.5
107 	48 	0.690322580645
54 	24 	0.692307692308
63 	44 	0.588785046729
39 	13 	0.75
9 	10 	0.473684210526
15 	20 	0.428571428571
30 	21 	0.588235294118
94 	29 	0.764227642276
33 	25 	0.568965517241
542 	19 	0.966131907308
11 	6 	0.647058823529
132 	30 	0.814814814815
86 	114 	0.43
22 	11 	0.666666666667
90 	33 	0.731707317073
100 	22 	0.819672131148
64 	35 	0.646464646465
42 	28 	0.6
9 	11 	0.45
175 	32 	0.845410628019
39 	21 	0.65
54 	16 	0.771428571429
532 	333 	0.615028901734
48 	63 	0.432432432432
108 	35 	0.755244755245
6 	21 	0.222222222222
49 	14 	0.777777777778
66 	30 	0.6875
52 	29 	0.641975308642
211 	121 	0.635542168675
152 	35 	0.812834224599
131 	33 	0.798780487805
11 	12 	0.478260869565
12 	20 	0.375
27 	16 	0.627906976744
32 	18 	0.64
13 	3 	0.8125
13 	14 	0.481481481481
63 	7 	0.9
54 	30 	0.642857142857
30 	16 	0.652173913043
16 	1 	0.941176470588
15 	3 	0.833333333333
35 	16 	0.686274509804
15 	13 	0.535714285714
74 	52 	0.587301587302
83 	55 	0.601449275362
13 	5 	0.722222222222
14 	14 	0.5
46 	5 	0.901960784314
32 	14 	0.695652173913
20 	6 	0.769230769231
21 	14 	0.6
52 	4 	0.928571428571
4 	11 	0.266666666667
35 	17 	0.673076923077
39 	42 	0.481481481481
21 	15 	0.583333333333
20 	26 	0.434782608696
27 	1 	0.964285714286
98 	63 	0.608695652174
106 	34 	0.757142857143
19 	11 	0.633333333333
77 	2 	0.974683544304
338 	5 	0.985422740525
27 	16 	0.627906976744
