22 	26 	0.458333333333
5 	7 	0.416666666667
17 	14 	0.548387096774
17 	20 	0.459459459459
65 	109 	0.373563218391
27 	2 	0.931034482759
22 	38 	0.366666666667
48 	73 	0.396694214876
19 	18 	0.513513513514
16 	18 	0.470588235294
94 	96 	0.494736842105
6 	16 	0.272727272727
21 	12 	0.636363636364
64 	84 	0.432432432432
61 	23 	0.72619047619
47 	25 	0.652777777778
13 	3 	0.8125
71 	41 	0.633928571429
84 	48 	0.636363636364
31 	19 	0.62
42 	21 	0.666666666667
108 	81 	0.571428571429
43 	31 	0.581081081081
11 	6 	0.647058823529
39 	28 	0.582089552239
66 	22 	0.75
90 	22 	0.803571428571
7 	13 	0.35
21 	19 	0.525
29 	25 	0.537037037037
11 	21 	0.34375
24 	21 	0.533333333333
15 	17 	0.46875
30 	36 	0.454545454545
83 	72 	0.535483870968
53 	25 	0.679487179487
53 	54 	0.495327102804
32 	20 	0.615384615385
3 	16 	0.157894736842
18 	17 	0.514285714286
33 	18 	0.647058823529
93 	30 	0.756097560976
25 	33 	0.431034482759
507 	54 	0.903743315508
11 	6 	0.647058823529
121 	41 	0.746913580247
72 	128 	0.36
22 	11 	0.666666666667
86 	37 	0.69918699187
86 	36 	0.704918032787
44 	55 	0.444444444444
34 	36 	0.485714285714
6 	14 	0.3
175 	32 	0.845410628019
24 	36 	0.4
52 	18 	0.742857142857
496 	369 	0.573410404624
30 	81 	0.27027027027
99 	44 	0.692307692308
8 	19 	0.296296296296
45 	18 	0.714285714286
58 	38 	0.604166666667
43 	38 	0.530864197531
180 	152 	0.542168674699
133 	54 	0.711229946524
105 	59 	0.640243902439
7 	16 	0.304347826087
12 	20 	0.375
18 	25 	0.418604651163
30 	20 	0.6
14 	2 	0.875
10 	17 	0.37037037037
63 	7 	0.9
52 	32 	0.619047619048
27 	19 	0.586956521739
16 	1 	0.941176470588
15 	3 	0.833333333333
24 	27 	0.470588235294
8 	20 	0.285714285714
65 	61 	0.515873015873
83 	55 	0.601449275362
11 	7 	0.611111111111
13 	15 	0.464285714286
46 	5 	0.901960784314
26 	20 	0.565217391304
18 	8 	0.692307692308
21 	14 	0.6
52 	4 	0.928571428571
8 	7 	0.533333333333
35 	17 	0.673076923077
34 	47 	0.41975308642
15 	21 	0.416666666667
23 	23 	0.5
27 	1 	0.964285714286
72 	89 	0.447204968944
103 	37 	0.735714285714
14 	16 	0.466666666667
77 	2 	0.974683544304
338 	5 	0.985422740525
13 	30 	0.302325581395
