27 	21 	0.5625
6 	6 	0.5
20 	11 	0.645161290323
22 	15 	0.594594594595
83 	91 	0.477011494253
26 	3 	0.896551724138
36 	24 	0.6
40 	81 	0.330578512397
20 	17 	0.540540540541
18 	16 	0.529411764706
73 	117 	0.384210526316
9 	13 	0.409090909091
21 	12 	0.636363636364
63 	85 	0.425675675676
56 	28 	0.666666666667
45 	27 	0.625
11 	5 	0.6875
64 	48 	0.571428571429
69 	63 	0.522727272727
33 	17 	0.66
38 	25 	0.603174603175
112 	77 	0.592592592593
47 	27 	0.635135135135
9 	8 	0.529411764706
40 	27 	0.597014925373
68 	20 	0.772727272727
85 	27 	0.758928571429
9 	11 	0.45
16 	24 	0.4
20 	34 	0.37037037037
18 	14 	0.5625
21 	24 	0.466666666667
23 	9 	0.71875
27 	39 	0.409090909091
75 	80 	0.483870967742
56 	22 	0.717948717949
53 	54 	0.495327102804
34 	18 	0.653846153846
9 	10 	0.473684210526
12 	23 	0.342857142857
28 	23 	0.549019607843
85 	38 	0.691056910569
30 	28 	0.51724137931
503 	58 	0.896613190731
8 	9 	0.470588235294
115 	47 	0.70987654321
69 	131 	0.345
27 	6 	0.818181818182
87 	36 	0.707317073171
77 	45 	0.631147540984
42 	57 	0.424242424242
43 	27 	0.614285714286
13 	7 	0.65
172 	35 	0.830917874396
27 	33 	0.45
49 	21 	0.7
486 	379 	0.561849710983
22 	89 	0.198198198198
94 	49 	0.657342657343
2 	25 	0.0740740740741
41 	22 	0.650793650794
61 	35 	0.635416666667
52 	29 	0.641975308642
185 	147 	0.557228915663
129 	58 	0.689839572193
116 	48 	0.707317073171
18 	5 	0.782608695652
10 	22 	0.3125
20 	23 	0.46511627907
27 	23 	0.54
13 	3 	0.8125
14 	13 	0.518518518519
62 	8 	0.885714285714
58 	26 	0.690476190476
30 	16 	0.652173913043
16 	1 	0.941176470588
16 	2 	0.888888888889
28 	23 	0.549019607843
12 	16 	0.428571428571
62 	64 	0.492063492063
86 	52 	0.623188405797
11 	7 	0.611111111111
10 	18 	0.357142857143
46 	5 	0.901960784314
34 	12 	0.739130434783
18 	8 	0.692307692308
25 	10 	0.714285714286
50 	6 	0.892857142857
6 	9 	0.4
33 	19 	0.634615384615
23 	58 	0.283950617284
18 	18 	0.5
24 	22 	0.521739130435
27 	1 	0.964285714286
78 	83 	0.484472049689
91 	49 	0.65
16 	14 	0.533333333333
77 	2 	0.974683544304
335 	8 	0.97667638484
20 	23 	0.46511627907
