25 	23 	0.520833333333
7 	5 	0.583333333333
16 	15 	0.516129032258
23 	14 	0.621621621622
94 	80 	0.540229885057
27 	2 	0.931034482759
36 	24 	0.6
64 	57 	0.528925619835
18 	19 	0.486486486486
17 	17 	0.5
106 	84 	0.557894736842
9 	13 	0.409090909091
25 	8 	0.757575757576
87 	61 	0.587837837838
64 	20 	0.761904761905
46 	26 	0.638888888889
13 	3 	0.8125
66 	46 	0.589285714286
86 	46 	0.651515151515
31 	19 	0.62
42 	21 	0.666666666667
102 	87 	0.539682539683
57 	17 	0.77027027027
12 	5 	0.705882352941
41 	26 	0.611940298507
61 	27 	0.693181818182
90 	22 	0.803571428571
10 	10 	0.5
19 	21 	0.475
26 	28 	0.481481481481
18 	14 	0.5625
26 	19 	0.577777777778
20 	12 	0.625
33 	33 	0.5
98 	57 	0.632258064516
52 	26 	0.666666666667
63 	44 	0.588785046729
39 	13 	0.75
9 	10 	0.473684210526
16 	19 	0.457142857143
30 	21 	0.588235294118
86 	37 	0.69918699187
33 	25 	0.568965517241
530 	31 	0.944741532977
13 	4 	0.764705882353
126 	36 	0.777777777778
79 	121 	0.395
27 	6 	0.818181818182
90 	33 	0.731707317073
98 	24 	0.803278688525
55 	44 	0.555555555556
43 	27 	0.614285714286
12 	8 	0.6
180 	27 	0.869565217391
38 	22 	0.633333333333
50 	20 	0.714285714286
503 	362 	0.581502890173
51 	60 	0.459459459459
109 	34 	0.762237762238
14 	13 	0.518518518519
50 	13 	0.793650793651
71 	25 	0.739583333333
54 	27 	0.666666666667
206 	126 	0.620481927711
139 	48 	0.743315508021
122 	42 	0.743902439024
15 	8 	0.652173913043
14 	18 	0.4375
26 	17 	0.604651162791
24 	26 	0.48
14 	2 	0.875
13 	14 	0.481481481481
63 	7 	0.9
64 	20 	0.761904761905
33 	13 	0.717391304348
16 	1 	0.941176470588
15 	3 	0.833333333333
35 	16 	0.686274509804
14 	14 	0.5
85 	41 	0.674603174603
79 	59 	0.572463768116
12 	6 	0.666666666667
13 	15 	0.464285714286
46 	5 	0.901960784314
33 	13 	0.717391304348
18 	8 	0.692307692308
22 	13 	0.628571428571
52 	4 	0.928571428571
3 	12 	0.2
36 	16 	0.692307692308
40 	41 	0.493827160494
19 	17 	0.527777777778
26 	20 	0.565217391304
27 	1 	0.964285714286
93 	68 	0.577639751553
102 	38 	0.728571428571
20 	10 	0.666666666667
77 	2 	0.974683544304
338 	5 	0.985422740525
22 	21 	0.511627906977
