23 	25 	0.479166666667
6 	6 	0.5
19 	12 	0.612903225806
20 	17 	0.540540540541
100 	74 	0.574712643678
27 	2 	0.931034482759
35 	25 	0.583333333333
57 	64 	0.471074380165
13 	24 	0.351351351351
22 	12 	0.647058823529
100 	90 	0.526315789474
12 	10 	0.545454545455
26 	7 	0.787878787879
74 	74 	0.5
62 	22 	0.738095238095
44 	28 	0.611111111111
12 	4 	0.75
76 	36 	0.678571428571
82 	50 	0.621212121212
37 	13 	0.74
42 	21 	0.666666666667
112 	77 	0.592592592593
58 	16 	0.783783783784
12 	5 	0.705882352941
45 	22 	0.671641791045
65 	23 	0.738636363636
88 	24 	0.785714285714
8 	12 	0.4
23 	17 	0.575
26 	28 	0.481481481481
14 	18 	0.4375
22 	23 	0.488888888889
22 	10 	0.6875
32 	34 	0.484848484848
90 	65 	0.58064516129
55 	23 	0.705128205128
64 	43 	0.598130841121
37 	15 	0.711538461538
9 	10 	0.473684210526
16 	19 	0.457142857143
30 	21 	0.588235294118
90 	33 	0.731707317073
34 	24 	0.586206896552
511 	50 	0.910873440285
6 	11 	0.352941176471
133 	29 	0.820987654321
76 	124 	0.38
27 	6 	0.818181818182
97 	26 	0.788617886179
93 	29 	0.762295081967
65 	34 	0.656565656566
42 	28 	0.6
13 	7 	0.65
177 	30 	0.855072463768
34 	26 	0.566666666667
58 	12 	0.828571428571
526 	339 	0.608092485549
34 	77 	0.306306306306
108 	35 	0.755244755245
7 	20 	0.259259259259
53 	10 	0.84126984127
68 	28 	0.708333333333
50 	31 	0.617283950617
213 	119 	0.64156626506
141 	46 	0.754010695187
122 	42 	0.743902439024
17 	6 	0.739130434783
16 	16 	0.5
31 	12 	0.720930232558
31 	19 	0.62
13 	3 	0.8125
12 	15 	0.444444444444
62 	8 	0.885714285714
53 	31 	0.630952380952
33 	13 	0.717391304348
16 	1 	0.941176470588
16 	2 	0.888888888889
38 	13 	0.745098039216
16 	12 	0.571428571429
72 	54 	0.571428571429
84 	54 	0.608695652174
14 	4 	0.777777777778
11 	17 	0.392857142857
46 	5 	0.901960784314
34 	12 	0.739130434783
19 	7 	0.730769230769
24 	11 	0.685714285714
52 	4 	0.928571428571
5 	10 	0.333333333333
34 	18 	0.653846153846
41 	40 	0.506172839506
21 	15 	0.583333333333
27 	19 	0.586956521739
27 	1 	0.964285714286
90 	71 	0.55900621118
101 	39 	0.721428571429
21 	9 	0.7
77 	2 	0.974683544304
338 	5 	0.985422740525
26 	17 	0.604651162791
