25 	23 	0.520833333333
17 	14 	0.548387096774
22 	15 	0.594594594595
94 	80 	0.540229885057
27 	2 	0.931034482759
30 	30 	0.5
60 	61 	0.495867768595
19 	18 	0.513513513514
19 	15 	0.558823529412
98 	92 	0.515789473684
7 	15 	0.318181818182
19 	14 	0.575757575758
84 	64 	0.567567567568
64 	20 	0.761904761905
47 	25 	0.652777777778
74 	38 	0.660714285714
86 	46 	0.651515151515
34 	16 	0.68
41 	22 	0.650793650794
107 	82 	0.566137566138
49 	25 	0.662162162162
12 	5 	0.705882352941
44 	23 	0.65671641791
69 	19 	0.784090909091
88 	24 	0.785714285714
9 	11 	0.45
25 	15 	0.625
29 	25 	0.537037037037
17 	15 	0.53125
27 	18 	0.6
19 	13 	0.59375
27 	39 	0.409090909091
99 	56 	0.638709677419
52 	26 	0.666666666667
54 	53 	0.504672897196
40 	12 	0.769230769231
5 	14 	0.263157894737
18 	17 	0.514285714286
30 	21 	0.588235294118
90 	33 	0.731707317073
27 	31 	0.465517241379
534 	27 	0.951871657754
13 	4 	0.764705882353
125 	37 	0.771604938272
81 	119 	0.405
24 	9 	0.727272727273
95 	28 	0.772357723577
98 	24 	0.803278688525
60 	39 	0.606060606061
34 	36 	0.485714285714
10 	10 	0.5
178 	29 	0.859903381643
33 	27 	0.55
51 	19 	0.728571428571
538 	327 	0.621965317919
49 	62 	0.441441441441
110 	33 	0.769230769231
6 	21 	0.222222222222
50 	13 	0.793650793651
63 	33 	0.65625
51 	30 	0.62962962963
206 	126 	0.620481927711
142 	45 	0.75935828877
115 	49 	0.701219512195
15 	8 	0.652173913043
10 	22 	0.3125
24 	19 	0.558139534884
27 	23 	0.54
14 	13 	0.518518518519
63 	7 	0.9
51 	33 	0.607142857143
34 	12 	0.739130434783
16 	1 	0.941176470588
15 	3 	0.833333333333
34 	17 	0.666666666667
12 	16 	0.428571428571
77 	49 	0.611111111111
82 	56 	0.594202898551
11 	7 	0.611111111111
13 	15 	0.464285714286
46 	5 	0.901960784314
30 	16 	0.652173913043
20 	6 	0.769230769231
19 	16 	0.542857142857
54 	2 	0.964285714286
36 	16 	0.692307692308
37 	44 	0.456790123457
19 	17 	0.527777777778
22 	24 	0.478260869565
27 	1 	0.964285714286
90 	71 	0.55900621118
103 	37 	0.735714285714
19 	11 	0.633333333333
77 	2 	0.974683544304
338 	5 	0.985422740525
20 	23 	0.46511627907
