22 	26 	0.458333333333
4 	8 	0.333333333333
12 	19 	0.387096774194
17 	20 	0.459459459459
68 	106 	0.390804597701
27 	2 	0.931034482759
28 	32 	0.466666666667
42 	79 	0.347107438017
19 	18 	0.513513513514
16 	18 	0.470588235294
85 	105 	0.447368421053
12 	10 	0.545454545455
19 	14 	0.575757575758
48 	100 	0.324324324324
54 	30 	0.642857142857
39 	33 	0.541666666667
12 	4 	0.75
76 	36 	0.678571428571
69 	63 	0.522727272727
32 	18 	0.64
36 	27 	0.571428571429
86 	103 	0.455026455026
36 	38 	0.486486486486
11 	6 	0.647058823529
38 	29 	0.567164179104
64 	24 	0.727272727273
85 	27 	0.758928571429
8 	12 	0.4
20 	20 	0.5
25 	29 	0.462962962963
12 	20 	0.375
27 	18 	0.6
17 	15 	0.53125
29 	37 	0.439393939394
65 	90 	0.41935483871
53 	25 	0.679487179487
48 	59 	0.448598130841
27 	25 	0.519230769231
6 	13 	0.315789473684
15 	20 	0.428571428571
29 	22 	0.56862745098
85 	38 	0.691056910569
22 	36 	0.379310344828
500 	61 	0.891265597148
6 	11 	0.352941176471
114 	48 	0.703703703704
55 	145 	0.275
20 	13 	0.606060606061
81 	42 	0.658536585366
76 	46 	0.622950819672
51 	48 	0.515151515152
26 	44 	0.371428571429
9 	11 	0.45
170 	37 	0.821256038647
24 	36 	0.4
53 	17 	0.757142857143
430 	435 	0.49710982659
30 	81 	0.27027027027
100 	43 	0.699300699301
5 	22 	0.185185185185
38 	25 	0.603174603175
53 	43 	0.552083333333
40 	41 	0.493827160494
148 	184 	0.44578313253
138 	49 	0.737967914439
100 	64 	0.609756097561
10 	13 	0.434782608696
12 	20 	0.375
18 	25 	0.418604651163
28 	22 	0.56
14 	2 	0.875
7 	20 	0.259259259259
61 	9 	0.871428571429
33 	51 	0.392857142857
31 	15 	0.673913043478
16 	1 	0.941176470588
14 	4 	0.777777777778
24 	27 	0.470588235294
8 	20 	0.285714285714
62 	64 	0.492063492063
71 	67 	0.514492753623
10 	8 	0.555555555556
6 	22 	0.214285714286
44 	7 	0.862745098039
27 	19 	0.586956521739
19 	7 	0.730769230769
17 	18 	0.485714285714
52 	4 	0.928571428571
8 	7 	0.533333333333
31 	21 	0.596153846154
24 	57 	0.296296296296
11 	25 	0.305555555556
15 	31 	0.326086956522
27 	1 	0.964285714286
74 	87 	0.459627329193
103 	37 	0.735714285714
16 	14 	0.533333333333
76 	3 	0.962025316456
338 	5 	0.985422740525
16 	27 	0.372093023256
