23 	25 	0.479166666667
17 	14 	0.548387096774
21 	16 	0.567567567568
108 	66 	0.620689655172
27 	2 	0.931034482759
37 	23 	0.616666666667
66 	55 	0.545454545455
18 	19 	0.486486486486
18 	16 	0.529411764706
106 	84 	0.557894736842
10 	12 	0.454545454545
24 	9 	0.727272727273
91 	57 	0.614864864865
64 	20 	0.761904761905
47 	25 	0.652777777778
73 	39 	0.651785714286
87 	45 	0.659090909091
36 	14 	0.72
43 	20 	0.68253968254
108 	81 	0.571428571429
57 	17 	0.77027027027
12 	5 	0.705882352941
44 	23 	0.65671641791
66 	22 	0.75
90 	22 	0.803571428571
10 	10 	0.5
24 	16 	0.6
30 	24 	0.555555555556
19 	13 	0.59375
25 	20 	0.555555555556
19 	13 	0.59375
27 	39 	0.409090909091
92 	63 	0.593548387097
55 	23 	0.705128205128
60 	47 	0.560747663551
38 	14 	0.730769230769
7 	12 	0.368421052632
16 	19 	0.457142857143
31 	20 	0.607843137255
90 	33 	0.731707317073
29 	29 	0.5
535 	26 	0.953654188948
12 	5 	0.705882352941
126 	36 	0.777777777778
72 	128 	0.36
26 	7 	0.787878787879
92 	31 	0.747967479675
100 	22 	0.819672131148
60 	39 	0.606060606061
32 	38 	0.457142857143
12 	8 	0.6
180 	27 	0.869565217391
36 	24 	0.6
53 	17 	0.757142857143
541 	324 	0.625433526012
55 	56 	0.495495495495
110 	33 	0.769230769231
10 	17 	0.37037037037
46 	17 	0.730158730159
64 	32 	0.666666666667
53 	28 	0.654320987654
208 	124 	0.626506024096
142 	45 	0.75935828877
122 	42 	0.743902439024
15 	8 	0.652173913043
12 	20 	0.375
30 	13 	0.697674418605
25 	25 	0.5
13 	14 	0.481481481481
63 	7 	0.9
61 	23 	0.72619047619
35 	11 	0.760869565217
16 	1 	0.941176470588
15 	3 	0.833333333333
33 	18 	0.647058823529
16 	12 	0.571428571429
77 	49 	0.611111111111
84 	54 	0.608695652174
12 	6 	0.666666666667
11 	17 	0.392857142857
46 	5 	0.901960784314
33 	13 	0.717391304348
18 	8 	0.692307692308
18 	17 	0.514285714286
54 	2 	0.964285714286
36 	16 	0.692307692308
42 	39 	0.518518518519
16 	20 	0.444444444444
25 	21 	0.54347826087
27 	1 	0.964285714286
91 	70 	0.565217391304
103 	37 	0.735714285714
20 	10 	0.666666666667
77 	2 	0.974683544304
338 	5 	0.985422740525
26 	17 	0.604651162791
