24 	24 	0.5
6 	6 	0.5
20 	11 	0.645161290323
22 	15 	0.594594594595
80 	94 	0.459770114943
27 	2 	0.931034482759
32 	28 	0.533333333333
58 	63 	0.479338842975
18 	19 	0.486486486486
17 	17 	0.5
96 	94 	0.505263157895
8 	14 	0.363636363636
23 	10 	0.69696969697
76 	72 	0.513513513514
61 	23 	0.72619047619
43 	29 	0.597222222222
12 	4 	0.75
65 	47 	0.580357142857
83 	49 	0.628787878788
32 	18 	0.64
40 	23 	0.634920634921
103 	86 	0.544973544974
52 	22 	0.702702702703
12 	5 	0.705882352941
45 	22 	0.671641791045
54 	34 	0.613636363636
86 	26 	0.767857142857
12 	8 	0.6
20 	20 	0.5
30 	24 	0.555555555556
13 	19 	0.40625
22 	23 	0.488888888889
21 	11 	0.65625
35 	31 	0.530303030303
89 	66 	0.574193548387
55 	23 	0.705128205128
52 	55 	0.485981308411
35 	17 	0.673076923077
8 	11 	0.421052631579
18 	17 	0.514285714286
29 	22 	0.56862745098
89 	34 	0.723577235772
37 	21 	0.637931034483
512 	49 	0.91265597148
10 	7 	0.588235294118
123 	39 	0.759259259259
80 	120 	0.4
27 	6 	0.818181818182
94 	29 	0.764227642276
93 	29 	0.762295081967
50 	49 	0.505050505051
42 	28 	0.6
12 	8 	0.6
181 	26 	0.874396135266
35 	25 	0.583333333333
50 	20 	0.714285714286
516 	349 	0.596531791908
39 	72 	0.351351351351
105 	38 	0.734265734266
11 	16 	0.407407407407
49 	14 	0.777777777778
66 	30 	0.6875
52 	29 	0.641975308642
185 	147 	0.557228915663
138 	49 	0.737967914439
120 	44 	0.731707317073
18 	5 	0.782608695652
14 	18 	0.4375
25 	18 	0.581395348837
23 	27 	0.46
13 	3 	0.8125
15 	12 	0.555555555556
63 	7 	0.9
51 	33 	0.607142857143
34 	12 	0.739130434783
16 	1 	0.941176470588
17 	1 	0.944444444444
33 	18 	0.647058823529
15 	13 	0.535714285714
79 	47 	0.626984126984
77 	61 	0.557971014493
13 	5 	0.722222222222
8 	20 	0.285714285714
46 	5 	0.901960784314
33 	13 	0.717391304348
18 	8 	0.692307692308
20 	15 	0.571428571429
52 	4 	0.928571428571
4 	11 	0.266666666667
37 	15 	0.711538461538
32 	49 	0.395061728395
17 	19 	0.472222222222
23 	23 	0.5
27 	1 	0.964285714286
78 	83 	0.484472049689
103 	37 	0.735714285714
16 	14 	0.533333333333
77 	2 	0.974683544304
338 	5 	0.985422740525
23 	20 	0.53488372093
