28 	20 	0.583333333333
6 	6 	0.5
19 	12 	0.612903225806
22 	15 	0.594594594595
66 	108 	0.379310344828
27 	2 	0.931034482759
29 	31 	0.483333333333
47 	74 	0.388429752066
22 	15 	0.594594594595
15 	19 	0.441176470588
94 	96 	0.494736842105
8 	14 	0.363636363636
22 	11 	0.666666666667
72 	76 	0.486486486486
56 	28 	0.666666666667
43 	29 	0.597222222222
14 	2 	0.875
71 	41 	0.633928571429
79 	53 	0.598484848485
31 	19 	0.62
41 	22 	0.650793650794
95 	94 	0.502645502646
47 	27 	0.635135135135
10 	7 	0.588235294118
45 	22 	0.671641791045
66 	22 	0.75
89 	23 	0.794642857143
10 	10 	0.5
19 	21 	0.475
28 	26 	0.518518518519
12 	20 	0.375
20 	25 	0.444444444444
23 	9 	0.71875
23 	43 	0.348484848485
88 	67 	0.567741935484
57 	21 	0.730769230769
50 	57 	0.467289719626
43 	9 	0.826923076923
9 	10 	0.473684210526
16 	19 	0.457142857143
31 	20 	0.607843137255
88 	35 	0.715447154472
33 	25 	0.568965517241
507 	54 	0.903743315508
11 	6 	0.647058823529
122 	40 	0.753086419753
66 	134 	0.33
24 	9 	0.727272727273
95 	28 	0.772357723577
83 	39 	0.680327868852
46 	53 	0.464646464646
40 	30 	0.571428571429
12 	8 	0.6
176 	31 	0.850241545894
25 	35 	0.416666666667
50 	20 	0.714285714286
508 	357 	0.587283236994
31 	80 	0.279279279279
118 	25 	0.825174825175
7 	20 	0.259259259259
46 	17 	0.730158730159
63 	33 	0.65625
47 	34 	0.58024691358
172 	160 	0.518072289157
136 	51 	0.727272727273
109 	55 	0.664634146341
15 	8 	0.652173913043
12 	20 	0.375
22 	21 	0.511627906977
20 	30 	0.4
13 	3 	0.8125
16 	11 	0.592592592593
63 	7 	0.9
54 	30 	0.642857142857
28 	18 	0.608695652174
16 	1 	0.941176470588
14 	4 	0.777777777778
27 	24 	0.529411764706
17 	11 	0.607142857143
62 	64 	0.492063492063
77 	61 	0.557971014493
12 	6 	0.666666666667
9 	19 	0.321428571429
46 	5 	0.901960784314
32 	14 	0.695652173913
19 	7 	0.730769230769
19 	16 	0.542857142857
53 	3 	0.946428571429
4 	11 	0.266666666667
36 	16 	0.692307692308
38 	43 	0.469135802469
18 	18 	0.5
22 	24 	0.478260869565
27 	1 	0.964285714286
86 	75 	0.534161490683
93 	47 	0.664285714286
16 	14 	0.533333333333
77 	2 	0.974683544304
337 	6 	0.98250728863
23 	20 	0.53488372093
