24 	24 	0.5
21 	10 	0.677419354839
26 	11 	0.702702702703
120 	54 	0.689655172414
27 	2 	0.931034482759
45 	15 	0.75
69 	52 	0.570247933884
15 	22 	0.405405405405
22 	12 	0.647058823529
122 	68 	0.642105263158
11 	11 	0.5
26 	7 	0.787878787879
102 	46 	0.689189189189
65 	19 	0.77380952381
49 	23 	0.680555555556
71 	41 	0.633928571429
92 	40 	0.69696969697
38 	12 	0.76
46 	17 	0.730158730159
129 	60 	0.68253968254
63 	11 	0.851351351351
12 	5 	0.705882352941
44 	23 	0.65671641791
69 	19 	0.784090909091
91 	21 	0.8125
10 	10 	0.5
26 	14 	0.65
28 	26 	0.518518518519
21 	11 	0.65625
27 	18 	0.6
22 	10 	0.6875
32 	34 	0.484848484848
104 	51 	0.670967741935
57 	21 	0.730769230769
65 	42 	0.607476635514
42 	10 	0.807692307692
9 	10 	0.473684210526
16 	19 	0.457142857143
33 	18 	0.647058823529
95 	28 	0.772357723577
31 	27 	0.534482758621
543 	18 	0.967914438503
10 	7 	0.588235294118
126 	36 	0.777777777778
82 	118 	0.41
27 	6 	0.818181818182
98 	25 	0.79674796748
106 	16 	0.868852459016
66 	33 	0.666666666667
40 	30 	0.571428571429
13 	7 	0.65
179 	28 	0.864734299517
42 	18 	0.7
55 	15 	0.785714285714
560 	305 	0.647398843931
50 	61 	0.45045045045
113 	30 	0.79020979021
7 	20 	0.259259259259
50 	13 	0.793650793651
72 	24 	0.75
51 	30 	0.62962962963
214 	118 	0.644578313253
155 	32 	0.828877005348
139 	25 	0.84756097561
17 	6 	0.739130434783
17 	15 	0.53125
34 	9 	0.790697674419
33 	17 	0.66
13 	14 	0.481481481481
63 	7 	0.9
65 	19 	0.77380952381
40 	6 	0.869565217391
16 	1 	0.941176470588
15 	3 	0.833333333333
39 	12 	0.764705882353
13 	15 	0.464285714286
78 	48 	0.619047619048
91 	47 	0.659420289855
9 	9 	0.5
13 	15 	0.464285714286
46 	5 	0.901960784314
35 	11 	0.760869565217
20 	6 	0.769230769231
23 	12 	0.657142857143
52 	4 	0.928571428571
36 	16 	0.692307692308
49 	32 	0.604938271605
21 	15 	0.583333333333
28 	18 	0.608695652174
27 	1 	0.964285714286
97 	64 	0.60248447205
111 	29 	0.792857142857
17 	13 	0.566666666667
77 	2 	0.974683544304
338 	5 	0.985422740525
31 	12 	0.720930232558
