20 	28 	0.416666666667
5 	7 	0.416666666667
16 	15 	0.516129032258
19 	18 	0.513513513514
62 	112 	0.35632183908
27 	2 	0.931034482759
24 	36 	0.4
48 	73 	0.396694214876
20 	17 	0.540540540541
15 	19 	0.441176470588
97 	93 	0.510526315789
6 	16 	0.272727272727
20 	13 	0.606060606061
64 	84 	0.432432432432
62 	22 	0.738095238095
46 	26 	0.638888888889
13 	3 	0.8125
69 	43 	0.616071428571
78 	54 	0.590909090909
31 	19 	0.62
43 	20 	0.68253968254
106 	83 	0.560846560847
40 	34 	0.540540540541
11 	6 	0.647058823529
39 	28 	0.582089552239
65 	23 	0.738636363636
90 	22 	0.803571428571
5 	15 	0.25
21 	19 	0.525
30 	24 	0.555555555556
11 	21 	0.34375
26 	19 	0.577777777778
14 	18 	0.4375
31 	35 	0.469696969697
82 	73 	0.529032258065
52 	26 	0.666666666667
57 	50 	0.532710280374
34 	18 	0.653846153846
4 	15 	0.210526315789
17 	18 	0.485714285714
33 	18 	0.647058823529
95 	28 	0.772357723577
25 	33 	0.431034482759
508 	53 	0.905525846702
11 	6 	0.647058823529
119 	43 	0.734567901235
74 	126 	0.37
22 	11 	0.666666666667
90 	33 	0.731707317073
89 	33 	0.729508196721
40 	59 	0.40404040404
35 	35 	0.5
5 	15 	0.25
174 	33 	0.840579710145
25 	35 	0.416666666667
51 	19 	0.728571428571
498 	367 	0.575722543353
29 	82 	0.261261261261
103 	40 	0.72027972028
8 	19 	0.296296296296
43 	20 	0.68253968254
62 	34 	0.645833333333
43 	38 	0.530864197531
181 	151 	0.545180722892
130 	57 	0.695187165775
99 	65 	0.603658536585
10 	13 	0.434782608696
9 	23 	0.28125
17 	26 	0.395348837209
24 	26 	0.48
14 	2 	0.875
9 	18 	0.333333333333
63 	7 	0.9
54 	30 	0.642857142857
27 	19 	0.586956521739
16 	1 	0.941176470588
15 	3 	0.833333333333
23 	28 	0.450980392157
9 	19 	0.321428571429
66 	60 	0.52380952381
83 	55 	0.601449275362
11 	7 	0.611111111111
13 	15 	0.464285714286
46 	5 	0.901960784314
27 	19 	0.586956521739
19 	7 	0.730769230769
22 	13 	0.628571428571
52 	4 	0.928571428571
7 	8 	0.466666666667
36 	16 	0.692307692308
32 	49 	0.395061728395
17 	19 	0.472222222222
23 	23 	0.5
27 	1 	0.964285714286
80 	81 	0.496894409938
101 	39 	0.721428571429
15 	15 	0.5
77 	2 	0.974683544304
338 	5 	0.985422740525
16 	27 	0.372093023256
