30 	18 	0.625
6 	6 	0.5
15 	16 	0.483870967742
20 	17 	0.540540540541
83 	91 	0.477011494253
27 	2 	0.931034482759
29 	31 	0.483333333333
58 	63 	0.479338842975
17 	20 	0.459459459459
16 	18 	0.470588235294
99 	91 	0.521052631579
8 	14 	0.363636363636
25 	8 	0.757575757576
72 	76 	0.486486486486
58 	26 	0.690476190476
43 	29 	0.597222222222
12 	4 	0.75
70 	42 	0.625
81 	51 	0.613636363636
37 	13 	0.74
37 	26 	0.587301587302
100 	89 	0.529100529101
54 	20 	0.72972972973
12 	5 	0.705882352941
42 	25 	0.626865671642
56 	32 	0.636363636364
83 	29 	0.741071428571
12 	8 	0.6
20 	20 	0.5
27 	27 	0.5
16 	16 	0.5
26 	19 	0.577777777778
24 	8 	0.75
30 	36 	0.454545454545
95 	60 	0.612903225806
54 	24 	0.692307692308
52 	55 	0.485981308411
36 	16 	0.692307692308
10 	9 	0.526315789474
17 	18 	0.485714285714
27 	24 	0.529411764706
88 	35 	0.715447154472
29 	29 	0.5
511 	50 	0.910873440285
10 	7 	0.588235294118
127 	35 	0.783950617284
82 	118 	0.41
26 	7 	0.787878787879
90 	33 	0.731707317073
95 	27 	0.77868852459
51 	48 	0.515151515152
47 	23 	0.671428571429
13 	7 	0.65
178 	29 	0.859903381643
30 	30 	0.5
50 	20 	0.714285714286
510 	355 	0.589595375723
34 	77 	0.306306306306
112 	31 	0.783216783217
8 	19 	0.296296296296
49 	14 	0.777777777778
61 	35 	0.635416666667
50 	31 	0.617283950617
180 	152 	0.542168674699
136 	51 	0.727272727273
115 	49 	0.701219512195
15 	8 	0.652173913043
15 	17 	0.46875
23 	20 	0.53488372093
21 	29 	0.42
13 	3 	0.8125
13 	14 	0.481481481481
62 	8 	0.885714285714
48 	36 	0.571428571429
33 	13 	0.717391304348
16 	1 	0.941176470588
17 	1 	0.944444444444
35 	16 	0.686274509804
16 	12 	0.571428571429
76 	50 	0.603174603175
76 	62 	0.550724637681
12 	6 	0.666666666667
11 	17 	0.392857142857
46 	5 	0.901960784314
33 	13 	0.717391304348
19 	7 	0.730769230769
20 	15 	0.571428571429
53 	3 	0.946428571429
3 	12 	0.2
34 	18 	0.653846153846
35 	46 	0.432098765432
15 	21 	0.416666666667
22 	24 	0.478260869565
27 	1 	0.964285714286
90 	71 	0.55900621118
102 	38 	0.728571428571
16 	14 	0.533333333333
77 	2 	0.974683544304
338 	5 	0.985422740525
18 	25 	0.418604651163
