23 	25 	0.479166666667
8 	4 	0.666666666667
21 	10 	0.677419354839
18 	19 	0.486486486486
103 	71 	0.591954022989
27 	2 	0.931034482759
40 	20 	0.666666666667
58 	63 	0.479338842975
17 	20 	0.459459459459
21 	13 	0.617647058824
109 	81 	0.573684210526
11 	11 	0.5
23 	10 	0.69696969697
85 	63 	0.574324324324
60 	24 	0.714285714286
44 	28 	0.611111111111
12 	4 	0.75
73 	39 	0.651785714286
87 	45 	0.659090909091
40 	10 	0.8
39 	24 	0.619047619048
128 	61 	0.677248677249
56 	18 	0.756756756757
12 	5 	0.705882352941
48 	19 	0.716417910448
59 	29 	0.670454545455
94 	18 	0.839285714286
12 	8 	0.6
17 	23 	0.425
24 	30 	0.444444444444
19 	13 	0.59375
26 	19 	0.577777777778
25 	7 	0.78125
28 	38 	0.424242424242
95 	60 	0.612903225806
53 	25 	0.679487179487
62 	45 	0.579439252336
34 	18 	0.653846153846
10 	9 	0.526315789474
19 	16 	0.542857142857
27 	24 	0.529411764706
97 	26 	0.788617886179
34 	24 	0.586206896552
511 	50 	0.910873440285
7 	10 	0.411764705882
131 	31 	0.808641975309
73 	127 	0.365
26 	7 	0.787878787879
93 	30 	0.756097560976
93 	29 	0.762295081967
65 	34 	0.656565656566
44 	26 	0.628571428571
14 	6 	0.7
177 	30 	0.855072463768
36 	24 	0.6
52 	18 	0.742857142857
513 	352 	0.593063583815
45 	66 	0.405405405405
105 	38 	0.734265734266
7 	20 	0.259259259259
52 	11 	0.825396825397
68 	28 	0.708333333333
52 	29 	0.641975308642
208 	124 	0.626506024096
145 	42 	0.775401069519
125 	39 	0.762195121951
14 	9 	0.608695652174
12 	20 	0.375
31 	12 	0.720930232558
31 	19 	0.62
13 	3 	0.8125
16 	11 	0.592592592593
63 	7 	0.9
55 	29 	0.654761904762
31 	15 	0.673913043478
16 	1 	0.941176470588
15 	3 	0.833333333333
39 	12 	0.764705882353
16 	12 	0.571428571429
75 	51 	0.595238095238
81 	57 	0.586956521739
12 	6 	0.666666666667
10 	18 	0.357142857143
46 	5 	0.901960784314
32 	14 	0.695652173913
20 	6 	0.769230769231
26 	9 	0.742857142857
52 	4 	0.928571428571
6 	9 	0.4
38 	14 	0.730769230769
39 	42 	0.481481481481
21 	15 	0.583333333333
22 	24 	0.478260869565
27 	1 	0.964285714286
86 	75 	0.534161490683
97 	43 	0.692857142857
21 	9 	0.7
77 	2 	0.974683544304
338 	5 	0.985422740525
24 	19 	0.558139534884
