22 	26 	0.458333333333
8 	4 	0.666666666667
18 	13 	0.58064516129
22 	15 	0.594594594595
97 	77 	0.557471264368
27 	2 	0.931034482759
39 	21 	0.65
57 	64 	0.471074380165
15 	22 	0.405405405405
22 	12 	0.647058823529
99 	91 	0.521052631579
12 	10 	0.545454545455
25 	8 	0.757575757576
75 	73 	0.506756756757
62 	22 	0.738095238095
48 	24 	0.666666666667
13 	3 	0.8125
62 	50 	0.553571428571
87 	45 	0.659090909091
40 	10 	0.8
39 	24 	0.619047619048
123 	66 	0.650793650794
53 	21 	0.716216216216
12 	5 	0.705882352941
49 	18 	0.731343283582
61 	27 	0.693181818182
88 	24 	0.785714285714
10 	10 	0.5
23 	17 	0.575
26 	28 	0.481481481481
16 	16 	0.5
17 	28 	0.377777777778
24 	8 	0.75
30 	36 	0.454545454545
85 	70 	0.548387096774
53 	25 	0.679487179487
61 	46 	0.570093457944
34 	18 	0.653846153846
8 	11 	0.421052631579
16 	19 	0.457142857143
29 	22 	0.56862745098
89 	34 	0.723577235772
38 	20 	0.655172413793
514 	47 	0.916221033868
9 	8 	0.529411764706
130 	32 	0.802469135802
78 	122 	0.39
24 	9 	0.727272727273
97 	26 	0.788617886179
92 	30 	0.754098360656
65 	34 	0.656565656566
46 	24 	0.657142857143
11 	9 	0.55
180 	27 	0.869565217391
34 	26 	0.566666666667
55 	15 	0.785714285714
533 	332 	0.616184971098
37 	74 	0.333333333333
107 	36 	0.748251748252
5 	22 	0.185185185185
51 	12 	0.809523809524
67 	29 	0.697916666667
51 	30 	0.62962962963
213 	119 	0.64156626506
148 	39 	0.791443850267
123 	41 	0.75
15 	8 	0.652173913043
14 	18 	0.4375
30 	13 	0.697674418605
33 	17 	0.66
13 	3 	0.8125
13 	14 	0.481481481481
62 	8 	0.885714285714
57 	27 	0.678571428571
31 	15 	0.673913043478
16 	1 	0.941176470588
15 	3 	0.833333333333
38 	13 	0.745098039216
15 	13 	0.535714285714
69 	57 	0.547619047619
79 	59 	0.572463768116
14 	4 	0.777777777778
11 	17 	0.392857142857
46 	5 	0.901960784314
33 	13 	0.717391304348
20 	6 	0.769230769231
25 	10 	0.714285714286
52 	4 	0.928571428571
5 	10 	0.333333333333
34 	18 	0.653846153846
38 	43 	0.469135802469
17 	19 	0.472222222222
24 	22 	0.521739130435
27 	1 	0.964285714286
98 	63 	0.608695652174
98 	42 	0.7
17 	13 	0.566666666667
77 	2 	0.974683544304
338 	5 	0.985422740525
23 	20 	0.53488372093
