25 	23 	0.520833333333
17 	14 	0.548387096774
19 	18 	0.513513513514
77 	97 	0.442528735632
27 	2 	0.931034482759
27 	33 	0.45
46 	75 	0.380165289256
16 	21 	0.432432432432
17 	17 	0.5
108 	82 	0.568421052632
6 	16 	0.272727272727
21 	12 	0.636363636364
75 	73 	0.506756756757
61 	23 	0.72619047619
48 	24 	0.666666666667
71 	41 	0.633928571429
80 	52 	0.606060606061
33 	17 	0.66
43 	20 	0.68253968254
104 	85 	0.550264550265
43 	31 	0.581081081081
12 	5 	0.705882352941
42 	25 	0.626865671642
59 	29 	0.670454545455
90 	22 	0.803571428571
10 	10 	0.5
20 	20 	0.5
27 	27 	0.5
15 	17 	0.46875
28 	17 	0.622222222222
15 	17 	0.46875
33 	33 	0.5
88 	67 	0.567741935484
51 	27 	0.653846153846
55 	52 	0.514018691589
37 	15 	0.711538461538
5 	14 	0.263157894737
19 	16 	0.542857142857
30 	21 	0.588235294118
86 	37 	0.69918699187
30 	28 	0.51724137931
528 	33 	0.941176470588
11 	6 	0.647058823529
123 	39 	0.759259259259
77 	123 	0.385
23 	10 	0.69696969697
94 	29 	0.764227642276
91 	31 	0.745901639344
53 	46 	0.535353535354
34 	36 	0.485714285714
9 	11 	0.45
177 	30 	0.855072463768
28 	32 	0.466666666667
49 	21 	0.7
518 	347 	0.598843930636
34 	77 	0.306306306306
105 	38 	0.734265734266
10 	17 	0.37037037037
42 	21 	0.666666666667
65 	31 	0.677083333333
46 	35 	0.567901234568
191 	141 	0.575301204819
137 	50 	0.732620320856
111 	53 	0.676829268293
9 	14 	0.391304347826
11 	21 	0.34375
25 	18 	0.581395348837
24 	26 	0.48
7 	20 	0.259259259259
62 	8 	0.885714285714
51 	33 	0.607142857143
30 	16 	0.652173913043
16 	1 	0.941176470588
15 	3 	0.833333333333
30 	21 	0.588235294118
10 	18 	0.357142857143
80 	46 	0.634920634921
84 	54 	0.608695652174
11 	7 	0.611111111111
12 	16 	0.428571428571
46 	5 	0.901960784314
30 	16 	0.652173913043
20 	6 	0.769230769231
21 	14 	0.6
52 	4 	0.928571428571
37 	15 	0.711538461538
34 	47 	0.41975308642
18 	18 	0.5
22 	24 	0.478260869565
27 	1 	0.964285714286
85 	76 	0.527950310559
101 	39 	0.721428571429
17 	13 	0.566666666667
77 	2 	0.974683544304
338 	5 	0.985422740525
19 	24 	0.441860465116
