22 	26 	0.458333333333
7 	5 	0.583333333333
19 	12 	0.612903225806
26 	11 	0.702702702703
63 	111 	0.362068965517
26 	3 	0.896551724138
31 	29 	0.516666666667
41 	80 	0.338842975207
24 	13 	0.648648648649
19 	15 	0.558823529412
98 	92 	0.515789473684
7 	15 	0.318181818182
22 	11 	0.666666666667
56 	92 	0.378378378378
57 	27 	0.678571428571
37 	35 	0.513888888889
13 	3 	0.8125
71 	41 	0.633928571429
63 	69 	0.477272727273
38 	12 	0.76
41 	22 	0.650793650794
93 	96 	0.492063492063
47 	27 	0.635135135135
11 	6 	0.647058823529
50 	17 	0.746268656716
60 	28 	0.681818181818
81 	31 	0.723214285714
9 	11 	0.45
14 	26 	0.35
27 	27 	0.5
6 	26 	0.1875
25 	20 	0.555555555556
22 	10 	0.6875
23 	43 	0.348484848485
69 	86 	0.445161290323
47 	31 	0.602564102564
52 	55 	0.485981308411
39 	13 	0.75
9 	10 	0.473684210526
13 	22 	0.371428571429
32 	19 	0.627450980392
89 	34 	0.723577235772
36 	22 	0.620689655172
501 	60 	0.893048128342
9 	8 	0.529411764706
121 	41 	0.746913580247
70 	130 	0.35
26 	7 	0.787878787879
88 	35 	0.715447154472
88 	34 	0.72131147541
50 	49 	0.505050505051
38 	32 	0.542857142857
12 	8 	0.6
173 	34 	0.835748792271
22 	38 	0.366666666667
49 	21 	0.7
482 	383 	0.557225433526
34 	77 	0.306306306306
105 	38 	0.734265734266
10 	17 	0.37037037037
43 	20 	0.68253968254
56 	40 	0.583333333333
47 	34 	0.58024691358
156 	176 	0.469879518072
134 	53 	0.716577540107
113 	51 	0.689024390244
16 	7 	0.695652173913
13 	19 	0.40625
23 	20 	0.53488372093
22 	28 	0.44
13 	3 	0.8125
14 	13 	0.518518518519
60 	10 	0.857142857143
58 	26 	0.690476190476
29 	17 	0.630434782609
16 	1 	0.941176470588
16 	2 	0.888888888889
30 	21 	0.588235294118
15 	13 	0.535714285714
67 	59 	0.531746031746
74 	64 	0.536231884058
11 	7 	0.611111111111
9 	19 	0.321428571429
46 	5 	0.901960784314
33 	13 	0.717391304348
16 	10 	0.615384615385
23 	12 	0.657142857143
51 	5 	0.910714285714
3 	12 	0.2
31 	21 	0.596153846154
31 	50 	0.382716049383
15 	21 	0.416666666667
20 	26 	0.434782608696
27 	1 	0.964285714286
75 	86 	0.465838509317
90 	50 	0.642857142857
15 	15 	0.5
77 	2 	0.974683544304
336 	7 	0.979591836735
20 	23 	0.46511627907
