27 	21 	0.5625
6 	6 	0.5
17 	14 	0.548387096774
19 	18 	0.513513513514
87 	87 	0.5
27 	2 	0.931034482759
28 	32 	0.466666666667
54 	67 	0.446280991736
20 	17 	0.540540540541
18 	16 	0.529411764706
101 	89 	0.531578947368
9 	13 	0.409090909091
25 	8 	0.757575757576
77 	71 	0.52027027027
60 	24 	0.714285714286
45 	27 	0.625
12 	4 	0.75
71 	41 	0.633928571429
86 	46 	0.651515151515
36 	14 	0.72
39 	24 	0.619047619048
98 	91 	0.518518518519
53 	21 	0.716216216216
11 	6 	0.647058823529
40 	27 	0.597014925373
56 	32 	0.636363636364
85 	27 	0.758928571429
11 	9 	0.55
19 	21 	0.475
26 	28 	0.481481481481
13 	19 	0.40625
20 	25 	0.444444444444
22 	10 	0.6875
28 	38 	0.424242424242
100 	55 	0.645161290323
55 	23 	0.705128205128
52 	55 	0.485981308411
34 	18 	0.653846153846
8 	11 	0.421052631579
18 	17 	0.514285714286
26 	25 	0.509803921569
89 	34 	0.723577235772
31 	27 	0.534482758621
516 	45 	0.919786096257
11 	6 	0.647058823529
119 	43 	0.734567901235
77 	123 	0.385
24 	9 	0.727272727273
91 	32 	0.739837398374
94 	28 	0.770491803279
54 	45 	0.545454545455
43 	27 	0.614285714286
13 	7 	0.65
180 	27 	0.869565217391
34 	26 	0.566666666667
52 	18 	0.742857142857
494 	371 	0.571098265896
42 	69 	0.378378378378
111 	32 	0.776223776224
8 	19 	0.296296296296
47 	16 	0.746031746032
65 	31 	0.677083333333
50 	31 	0.617283950617
169 	163 	0.509036144578
139 	48 	0.743315508021
110 	54 	0.670731707317
17 	6 	0.739130434783
16 	16 	0.5
22 	21 	0.511627906977
21 	29 	0.42
13 	3 	0.8125
14 	13 	0.518518518519
63 	7 	0.9
51 	33 	0.607142857143
32 	14 	0.695652173913
16 	1 	0.941176470588
17 	1 	0.944444444444
35 	16 	0.686274509804
16 	12 	0.571428571429
77 	49 	0.611111111111
78 	60 	0.565217391304
12 	6 	0.666666666667
10 	18 	0.357142857143
46 	5 	0.901960784314
32 	14 	0.695652173913
19 	7 	0.730769230769
23 	12 	0.657142857143
52 	4 	0.928571428571
4 	11 	0.266666666667
35 	17 	0.673076923077
33 	48 	0.407407407407
17 	19 	0.472222222222
26 	20 	0.565217391304
26 	2 	0.928571428571
85 	76 	0.527950310559
103 	37 	0.735714285714
16 	14 	0.533333333333
77 	2 	0.974683544304
338 	5 	0.985422740525
21 	22 	0.488372093023
