23 	25 	0.479166666667
18 	13 	0.58064516129
23 	14 	0.621621621622
119 	55 	0.683908045977
27 	2 	0.931034482759
41 	19 	0.683333333333
62 	59 	0.512396694215
17 	20 	0.459459459459
21 	13 	0.617647058824
124 	66 	0.652631578947
9 	13 	0.409090909091
23 	10 	0.69696969697
101 	47 	0.682432432432
67 	17 	0.797619047619
49 	23 	0.680555555556
74 	38 	0.660714285714
91 	41 	0.689393939394
39 	11 	0.78
46 	17 	0.730158730159
127 	62 	0.671957671958
60 	14 	0.810810810811
12 	5 	0.705882352941
45 	22 	0.671641791045
64 	24 	0.727272727273
89 	23 	0.794642857143
8 	12 	0.4
25 	15 	0.625
29 	25 	0.537037037037
22 	10 	0.6875
25 	20 	0.555555555556
23 	9 	0.71875
32 	34 	0.484848484848
110 	45 	0.709677419355
52 	26 	0.666666666667
64 	43 	0.598130841121
39 	13 	0.75
8 	11 	0.421052631579
16 	19 	0.457142857143
29 	22 	0.56862745098
94 	29 	0.764227642276
34 	24 	0.586206896552
543 	18 	0.967914438503
11 	6 	0.647058823529
130 	32 	0.802469135802
87 	113 	0.435
27 	6 	0.818181818182
97 	26 	0.788617886179
99 	23 	0.811475409836
63 	36 	0.636363636364
44 	26 	0.628571428571
9 	11 	0.45
179 	28 	0.864734299517
41 	19 	0.683333333333
54 	16 	0.771428571429
563 	302 	0.650867052023
49 	62 	0.441441441441
110 	33 	0.769230769231
9 	18 	0.333333333333
50 	13 	0.793650793651
72 	24 	0.75
52 	29 	0.641975308642
215 	117 	0.647590361446
154 	33 	0.823529411765
135 	29 	0.823170731707
17 	6 	0.739130434783
12 	20 	0.375
31 	12 	0.720930232558
27 	23 	0.54
14 	13 	0.518518518519
63 	7 	0.9
60 	24 	0.714285714286
33 	13 	0.717391304348
16 	1 	0.941176470588
15 	3 	0.833333333333
33 	18 	0.647058823529
15 	13 	0.535714285714
71 	55 	0.563492063492
95 	43 	0.688405797101
11 	7 	0.611111111111
12 	16 	0.428571428571
46 	5 	0.901960784314
36 	10 	0.782608695652
20 	6 	0.769230769231
23 	12 	0.657142857143
52 	4 	0.928571428571
36 	16 	0.692307692308
40 	41 	0.493827160494
16 	20 	0.444444444444
25 	21 	0.54347826087
27 	1 	0.964285714286
97 	64 	0.60248447205
110 	30 	0.785714285714
20 	10 	0.666666666667
77 	2 	0.974683544304
338 	5 	0.985422740525
24 	19 	0.558139534884
