23 	25 	0.479166666667
18 	13 	0.58064516129
24 	13 	0.648648648649
108 	66 	0.620689655172
27 	2 	0.931034482759
43 	17 	0.716666666667
61 	60 	0.504132231405
20 	17 	0.540540540541
22 	12 	0.647058823529
116 	74 	0.610526315789
6 	16 	0.272727272727
26 	7 	0.787878787879
101 	47 	0.682432432432
66 	18 	0.785714285714
49 	23 	0.680555555556
74 	38 	0.660714285714
92 	40 	0.69696969697
35 	15 	0.7
47 	16 	0.746031746032
123 	66 	0.650793650794
61 	13 	0.824324324324
12 	5 	0.705882352941
47 	20 	0.701492537313
62 	26 	0.704545454545
87 	25 	0.776785714286
11 	9 	0.55
27 	13 	0.675
31 	23 	0.574074074074
17 	15 	0.53125
22 	23 	0.488888888889
19 	13 	0.59375
29 	37 	0.439393939394
106 	49 	0.683870967742
53 	25 	0.679487179487
60 	47 	0.560747663551
40 	12 	0.769230769231
7 	12 	0.368421052632
17 	18 	0.485714285714
34 	17 	0.666666666667
94 	29 	0.764227642276
31 	27 	0.534482758621
541 	20 	0.964349376114
9 	8 	0.529411764706
129 	33 	0.796296296296
83 	117 	0.415
25 	8 	0.757575757576
97 	26 	0.788617886179
96 	26 	0.786885245902
63 	36 	0.636363636364
43 	27 	0.614285714286
9 	11 	0.45
177 	30 	0.855072463768
42 	18 	0.7
56 	14 	0.8
561 	304 	0.648554913295
46 	65 	0.414414414414
112 	31 	0.783216783217
6 	21 	0.222222222222
50 	13 	0.793650793651
69 	27 	0.71875
51 	30 	0.62962962963
218 	114 	0.656626506024
154 	33 	0.823529411765
133 	31 	0.810975609756
18 	5 	0.782608695652
12 	20 	0.375
31 	12 	0.720930232558
28 	22 	0.56
13 	14 	0.481481481481
63 	7 	0.9
61 	23 	0.72619047619
37 	9 	0.804347826087
16 	1 	0.941176470588
15 	3 	0.833333333333
39 	12 	0.764705882353
15 	13 	0.535714285714
69 	57 	0.547619047619
90 	48 	0.652173913043
10 	8 	0.555555555556
12 	16 	0.428571428571
46 	5 	0.901960784314
36 	10 	0.782608695652
20 	6 	0.769230769231
23 	12 	0.657142857143
52 	4 	0.928571428571
36 	16 	0.692307692308
44 	37 	0.543209876543
22 	14 	0.611111111111
22 	24 	0.478260869565
27 	1 	0.964285714286
110 	51 	0.683229813665
110 	30 	0.785714285714
20 	10 	0.666666666667
77 	2 	0.974683544304
338 	5 	0.985422740525
24 	19 	0.558139534884
