19 	29 	0.395833333333
7 	5 	0.583333333333
12 	19 	0.387096774194
23 	14 	0.621621621622
78 	96 	0.448275862069
27 	2 	0.931034482759
33 	27 	0.55
48 	73 	0.396694214876
21 	16 	0.567567567568
15 	19 	0.441176470588
94 	96 	0.494736842105
8 	14 	0.363636363636
21 	12 	0.636363636364
71 	77 	0.47972972973
59 	25 	0.702380952381
45 	27 	0.625
13 	3 	0.8125
70 	42 	0.625
84 	48 	0.636363636364
32 	18 	0.64
39 	24 	0.619047619048
105 	84 	0.555555555556
50 	24 	0.675675675676
12 	5 	0.705882352941
44 	23 	0.65671641791
63 	25 	0.715909090909
85 	27 	0.758928571429
7 	13 	0.35
16 	24 	0.4
25 	29 	0.462962962963
14 	18 	0.4375
23 	22 	0.511111111111
19 	13 	0.59375
30 	36 	0.454545454545
74 	81 	0.477419354839
52 	26 	0.666666666667
56 	51 	0.523364485981
38 	14 	0.730769230769
7 	12 	0.368421052632
13 	22 	0.371428571429
24 	27 	0.470588235294
94 	29 	0.764227642276
28 	30 	0.48275862069
513 	48 	0.914438502674
11 	6 	0.647058823529
121 	41 	0.746913580247
70 	130 	0.35
17 	16 	0.515151515152
97 	26 	0.788617886179
85 	37 	0.696721311475
62 	37 	0.626262626263
35 	35 	0.5
5 	15 	0.25
173 	34 	0.835748792271
24 	36 	0.4
50 	20 	0.714285714286
486 	379 	0.561849710983
37 	74 	0.333333333333
105 	38 	0.734265734266
7 	20 	0.259259259259
41 	22 	0.650793650794
63 	33 	0.65625
47 	34 	0.58024691358
171 	161 	0.515060240964
139 	48 	0.743315508021
106 	58 	0.646341463415
11 	12 	0.478260869565
8 	24 	0.25
25 	18 	0.581395348837
27 	23 	0.54
14 	2 	0.875
12 	15 	0.444444444444
63 	7 	0.9
46 	38 	0.547619047619
26 	20 	0.565217391304
16 	1 	0.941176470588
14 	4 	0.777777777778
21 	30 	0.411764705882
9 	19 	0.321428571429
77 	49 	0.611111111111
85 	53 	0.615942028986
11 	7 	0.611111111111
8 	20 	0.285714285714
45 	6 	0.882352941176
30 	16 	0.652173913043
19 	7 	0.730769230769
22 	13 	0.628571428571
51 	5 	0.910714285714
6 	9 	0.4
34 	18 	0.653846153846
35 	46 	0.432098765432
10 	26 	0.277777777778
17 	29 	0.369565217391
27 	1 	0.964285714286
81 	80 	0.503105590062
102 	38 	0.728571428571
15 	15 	0.5
77 	2 	0.974683544304
338 	5 	0.985422740525
21 	22 	0.488372093023
