24 	24 	0.5
7 	5 	0.583333333333
18 	13 	0.58064516129
23 	14 	0.621621621622
99 	75 	0.568965517241
27 	2 	0.931034482759
35 	25 	0.583333333333
66 	55 	0.545454545455
20 	17 	0.540540540541
17 	17 	0.5
97 	93 	0.510526315789
9 	13 	0.409090909091
25 	8 	0.757575757576
85 	63 	0.574324324324
63 	21 	0.75
48 	24 	0.666666666667
13 	3 	0.8125
72 	40 	0.642857142857
88 	44 	0.666666666667
36 	14 	0.72
42 	21 	0.666666666667
102 	87 	0.539682539683
54 	20 	0.72972972973
12 	5 	0.705882352941
38 	29 	0.567164179104
61 	27 	0.693181818182
88 	24 	0.785714285714
11 	9 	0.55
23 	17 	0.575
30 	24 	0.555555555556
19 	13 	0.59375
25 	20 	0.555555555556
21 	11 	0.65625
35 	31 	0.530303030303
96 	59 	0.61935483871
53 	25 	0.679487179487
60 	47 	0.560747663551
38 	14 	0.730769230769
10 	9 	0.526315789474
16 	19 	0.457142857143
29 	22 	0.56862745098
86 	37 	0.69918699187
30 	28 	0.51724137931
531 	30 	0.946524064171
13 	4 	0.764705882353
128 	34 	0.79012345679
77 	123 	0.385
26 	7 	0.787878787879
89 	34 	0.723577235772
101 	21 	0.827868852459
58 	41 	0.585858585859
38 	32 	0.542857142857
11 	9 	0.55
178 	29 	0.859903381643
40 	20 	0.666666666667
49 	21 	0.7
523 	342 	0.604624277457
49 	62 	0.441441441441
111 	32 	0.776223776224
14 	13 	0.518518518519
45 	18 	0.714285714286
67 	29 	0.697916666667
53 	28 	0.654320987654
205 	127 	0.617469879518
143 	44 	0.764705882353
119 	45 	0.725609756098
16 	7 	0.695652173913
13 	19 	0.40625
25 	18 	0.581395348837
22 	28 	0.44
14 	2 	0.875
13 	14 	0.481481481481
63 	7 	0.9
64 	20 	0.761904761905
32 	14 	0.695652173913
16 	1 	0.941176470588
15 	3 	0.833333333333
33 	18 	0.647058823529
16 	12 	0.571428571429
84 	42 	0.666666666667
81 	57 	0.586956521739
12 	6 	0.666666666667
11 	17 	0.392857142857
46 	5 	0.901960784314
31 	15 	0.673913043478
20 	6 	0.769230769231
19 	16 	0.542857142857
52 	4 	0.928571428571
3 	12 	0.2
37 	15 	0.711538461538
37 	44 	0.456790123457
21 	15 	0.583333333333
24 	22 	0.521739130435
27 	1 	0.964285714286
95 	66 	0.590062111801
104 	36 	0.742857142857
21 	9 	0.7
77 	2 	0.974683544304
338 	5 	0.985422740525
19 	24 	0.441860465116
