30 	18 	0.625
6 	6 	0.5
18 	13 	0.58064516129
20 	17 	0.540540540541
84 	90 	0.48275862069
27 	2 	0.931034482759
29 	31 	0.483333333333
59 	62 	0.487603305785
19 	18 	0.513513513514
17 	17 	0.5
96 	94 	0.505263157895
9 	13 	0.409090909091
25 	8 	0.757575757576
76 	72 	0.513513513514
59 	25 	0.702380952381
44 	28 	0.611111111111
12 	4 	0.75
72 	40 	0.642857142857
84 	48 	0.636363636364
37 	13 	0.74
39 	24 	0.619047619048
101 	88 	0.534391534392
51 	23 	0.689189189189
12 	5 	0.705882352941
41 	26 	0.611940298507
57 	31 	0.647727272727
85 	27 	0.758928571429
11 	9 	0.55
19 	21 	0.475
27 	27 	0.5
14 	18 	0.4375
21 	24 	0.466666666667
22 	10 	0.6875
31 	35 	0.469696969697
96 	59 	0.61935483871
55 	23 	0.705128205128
50 	57 	0.467289719626
35 	17 	0.673076923077
10 	9 	0.526315789474
17 	18 	0.485714285714
26 	25 	0.509803921569
88 	35 	0.715447154472
31 	27 	0.534482758621
515 	46 	0.918003565062
10 	7 	0.588235294118
127 	35 	0.783950617284
84 	116 	0.42
24 	9 	0.727272727273
88 	35 	0.715447154472
92 	30 	0.754098360656
50 	49 	0.505050505051
44 	26 	0.628571428571
13 	7 	0.65
178 	29 	0.859903381643
33 	27 	0.55
50 	20 	0.714285714286
504 	361 	0.582658959538
35 	76 	0.315315315315
110 	33 	0.769230769231
8 	19 	0.296296296296
49 	14 	0.777777777778
62 	34 	0.645833333333
52 	29 	0.641975308642
179 	153 	0.539156626506
138 	49 	0.737967914439
116 	48 	0.707317073171
16 	7 	0.695652173913
15 	17 	0.46875
22 	21 	0.511627906977
23 	27 	0.46
13 	3 	0.8125
14 	13 	0.518518518519
62 	8 	0.885714285714
46 	38 	0.547619047619
32 	14 	0.695652173913
16 	1 	0.941176470588
17 	1 	0.944444444444
35 	16 	0.686274509804
16 	12 	0.571428571429
79 	47 	0.626984126984
79 	59 	0.572463768116
12 	6 	0.666666666667
11 	17 	0.392857142857
46 	5 	0.901960784314
33 	13 	0.717391304348
19 	7 	0.730769230769
20 	15 	0.571428571429
52 	4 	0.928571428571
4 	11 	0.266666666667
34 	18 	0.653846153846
35 	46 	0.432098765432
15 	21 	0.416666666667
21 	25 	0.45652173913
27 	1 	0.964285714286
87 	74 	0.540372670807
102 	38 	0.728571428571
16 	14 	0.533333333333
77 	2 	0.974683544304
338 	5 	0.985422740525
21 	22 	0.488372093023
