24 	24 	0.5
16 	15 	0.516129032258
19 	18 	0.513513513514
75 	99 	0.431034482759
27 	2 	0.931034482759
25 	35 	0.416666666667
44 	77 	0.363636363636
11 	26 	0.297297297297
17 	17 	0.5
100 	90 	0.526315789474
8 	14 	0.363636363636
18 	15 	0.545454545455
77 	71 	0.52027027027
59 	25 	0.702380952381
46 	26 	0.638888888889
63 	49 	0.5625
82 	50 	0.621212121212
34 	16 	0.68
46 	17 	0.730158730159
106 	83 	0.560846560847
37 	37 	0.5
12 	5 	0.705882352941
35 	32 	0.522388059701
64 	24 	0.727272727273
90 	22 	0.803571428571
9 	11 	0.45
22 	18 	0.55
29 	25 	0.537037037037
10 	22 	0.3125
27 	18 	0.6
16 	16 	0.5
30 	36 	0.454545454545
81 	74 	0.522580645161
52 	26 	0.666666666667
54 	53 	0.504672897196
28 	24 	0.538461538462
6 	13 	0.315789473684
17 	18 	0.485714285714
32 	19 	0.627450980392
95 	28 	0.772357723577
30 	28 	0.51724137931
504 	57 	0.898395721925
12 	5 	0.705882352941
120 	42 	0.740740740741
72 	128 	0.36
22 	11 	0.666666666667
88 	35 	0.715447154472
89 	33 	0.729508196721
45 	54 	0.454545454545
34 	36 	0.485714285714
9 	11 	0.45
174 	33 	0.840579710145
19 	41 	0.316666666667
50 	20 	0.714285714286
499 	366 	0.576878612717
32 	79 	0.288288288288
99 	44 	0.692307692308
9 	18 	0.333333333333
41 	22 	0.650793650794
61 	35 	0.635416666667
38 	43 	0.469135802469
178 	154 	0.536144578313
130 	57 	0.695187165775
95 	69 	0.579268292683
13 	10 	0.565217391304
14 	18 	0.4375
22 	21 	0.511627906977
22 	28 	0.44
11 	16 	0.407407407407
63 	7 	0.9
49 	35 	0.583333333333
22 	24 	0.478260869565
16 	1 	0.941176470588
15 	3 	0.833333333333
22 	29 	0.43137254902
10 	18 	0.357142857143
66 	60 	0.52380952381
81 	57 	0.586956521739
11 	7 	0.611111111111
11 	17 	0.392857142857
46 	5 	0.901960784314
28 	18 	0.608695652174
20 	6 	0.769230769231
21 	14 	0.6
52 	4 	0.928571428571
35 	17 	0.673076923077
28 	53 	0.345679012346
15 	21 	0.416666666667
24 	22 	0.521739130435
27 	1 	0.964285714286
79 	82 	0.490683229814
100 	40 	0.714285714286
15 	15 	0.5
77 	2 	0.974683544304
338 	5 	0.985422740525
16 	27 	0.372093023256
