24 	24 	0.5
16 	15 	0.516129032258
18 	19 	0.486486486486
79 	95 	0.454022988506
27 	2 	0.931034482759
32 	28 	0.533333333333
52 	69 	0.429752066116
15 	22 	0.405405405405
17 	17 	0.5
105 	85 	0.552631578947
5 	17 	0.227272727273
22 	11 	0.666666666667
79 	69 	0.533783783784
61 	23 	0.72619047619
45 	27 	0.625
70 	42 	0.625
78 	54 	0.590909090909
35 	15 	0.7
45 	18 	0.714285714286
109 	80 	0.57671957672
47 	27 	0.635135135135
12 	5 	0.705882352941
39 	28 	0.582089552239
64 	24 	0.727272727273
90 	22 	0.803571428571
9 	11 	0.45
22 	18 	0.55
27 	27 	0.5
15 	17 	0.46875
25 	20 	0.555555555556
21 	11 	0.65625
33 	33 	0.5
96 	59 	0.61935483871
49 	29 	0.628205128205
53 	54 	0.495327102804
35 	17 	0.673076923077
5 	14 	0.263157894737
19 	16 	0.542857142857
30 	21 	0.588235294118
88 	35 	0.715447154472
35 	23 	0.603448275862
526 	35 	0.9376114082
11 	6 	0.647058823529
125 	37 	0.771604938272
70 	130 	0.35
15 	18 	0.454545454545
91 	32 	0.739837398374
93 	29 	0.762295081967
52 	47 	0.525252525253
38 	32 	0.542857142857
8 	12 	0.4
173 	34 	0.835748792271
31 	29 	0.516666666667
48 	22 	0.685714285714
509 	356 	0.588439306358
31 	80 	0.279279279279
106 	37 	0.741258741259
10 	17 	0.37037037037
42 	21 	0.666666666667
64 	32 	0.666666666667
46 	35 	0.567901234568
187 	145 	0.563253012048
138 	49 	0.737967914439
115 	49 	0.701219512195
8 	15 	0.347826086957
13 	19 	0.40625
26 	17 	0.604651162791
23 	27 	0.46
9 	18 	0.333333333333
62 	8 	0.885714285714
54 	30 	0.642857142857
30 	16 	0.652173913043
16 	1 	0.941176470588
15 	3 	0.833333333333
31 	20 	0.607843137255
11 	17 	0.392857142857
79 	47 	0.626984126984
84 	54 	0.608695652174
11 	7 	0.611111111111
13 	15 	0.464285714286
46 	5 	0.901960784314
30 	16 	0.652173913043
20 	6 	0.769230769231
19 	16 	0.542857142857
52 	4 	0.928571428571
38 	14 	0.730769230769
37 	44 	0.456790123457
14 	22 	0.388888888889
21 	25 	0.45652173913
27 	1 	0.964285714286
97 	64 	0.60248447205
99 	41 	0.707142857143
16 	14 	0.533333333333
77 	2 	0.974683544304
338 	5 	0.985422740525
20 	23 	0.46511627907
