24 	24 	0.5
17 	14 	0.548387096774
21 	16 	0.567567567568
114 	60 	0.655172413793
27 	2 	0.931034482759
45 	15 	0.75
61 	60 	0.504132231405
15 	22 	0.405405405405
21 	13 	0.617647058824
126 	64 	0.663157894737
7 	15 	0.318181818182
25 	8 	0.757575757576
101 	47 	0.682432432432
68 	16 	0.809523809524
49 	23 	0.680555555556
75 	37 	0.669642857143
90 	42 	0.681818181818
37 	13 	0.74
47 	16 	0.746031746032
126 	63 	0.666666666667
57 	17 	0.77027027027
12 	5 	0.705882352941
48 	19 	0.716417910448
67 	21 	0.761363636364
89 	23 	0.794642857143
9 	11 	0.45
22 	18 	0.55
27 	27 	0.5
21 	11 	0.65625
23 	22 	0.511111111111
22 	10 	0.6875
34 	32 	0.515151515152
109 	46 	0.703225806452
56 	22 	0.717948717949
64 	43 	0.598130841121
39 	13 	0.75
7 	12 	0.368421052632
18 	17 	0.514285714286
32 	19 	0.627450980392
93 	30 	0.756097560976
33 	25 	0.568965517241
542 	19 	0.966131907308
11 	6 	0.647058823529
128 	34 	0.79012345679
86 	114 	0.43
25 	8 	0.757575757576
100 	23 	0.813008130081
98 	24 	0.803278688525
68 	31 	0.686868686869
41 	29 	0.585714285714
8 	12 	0.4
180 	27 	0.869565217391
40 	20 	0.666666666667
54 	16 	0.771428571429
564 	301 	0.652023121387
48 	63 	0.432432432432
112 	31 	0.783216783217
10 	17 	0.37037037037
50 	13 	0.793650793651
68 	28 	0.708333333333
52 	29 	0.641975308642
221 	111 	0.665662650602
150 	37 	0.802139037433
134 	30 	0.817073170732
17 	6 	0.739130434783
13 	19 	0.40625
30 	13 	0.697674418605
28 	22 	0.56
13 	14 	0.481481481481
63 	7 	0.9
59 	25 	0.702380952381
35 	11 	0.760869565217
16 	1 	0.941176470588
15 	3 	0.833333333333
33 	18 	0.647058823529
14 	14 	0.5
70 	56 	0.555555555556
94 	44 	0.68115942029
11 	7 	0.611111111111
13 	15 	0.464285714286
46 	5 	0.901960784314
35 	11 	0.760869565217
20 	6 	0.769230769231
22 	13 	0.628571428571
52 	4 	0.928571428571
35 	17 	0.673076923077
39 	42 	0.481481481481
22 	14 	0.611111111111
23 	23 	0.5
27 	1 	0.964285714286
98 	63 	0.608695652174
109 	31 	0.778571428571
20 	10 	0.666666666667
77 	2 	0.974683544304
338 	5 	0.985422740525
24 	19 	0.558139534884
