24 	24 	0.5
8 	4 	0.666666666667
21 	10 	0.677419354839
23 	14 	0.621621621622
107 	67 	0.614942528736
27 	2 	0.931034482759
38 	22 	0.633333333333
60 	61 	0.495867768595
11 	26 	0.297297297297
19 	15 	0.558823529412
113 	77 	0.594736842105
13 	9 	0.590909090909
26 	7 	0.787878787879
91 	57 	0.614864864865
63 	21 	0.75
50 	22 	0.694444444444
13 	3 	0.8125
72 	40 	0.642857142857
91 	41 	0.689393939394
41 	9 	0.82
45 	18 	0.714285714286
118 	71 	0.624338624339
59 	15 	0.797297297297
12 	5 	0.705882352941
42 	25 	0.626865671642
63 	25 	0.715909090909
91 	21 	0.8125
9 	11 	0.45
24 	16 	0.6
28 	26 	0.518518518519
21 	11 	0.65625
20 	25 	0.444444444444
23 	9 	0.71875
32 	34 	0.484848484848
111 	44 	0.716129032258
53 	25 	0.679487179487
59 	48 	0.551401869159
39 	13 	0.75
10 	9 	0.526315789474
16 	19 	0.457142857143
31 	20 	0.607843137255
94 	29 	0.764227642276
36 	22 	0.620689655172
543 	18 	0.967914438503
11 	6 	0.647058823529
131 	31 	0.808641975309
81 	119 	0.405
23 	10 	0.69696969697
94 	29 	0.764227642276
98 	24 	0.803278688525
68 	31 	0.686868686869
43 	27 	0.614285714286
9 	11 	0.45
176 	31 	0.850241545894
41 	19 	0.683333333333
51 	19 	0.728571428571
540 	325 	0.624277456647
47 	64 	0.423423423423
108 	35 	0.755244755245
7 	20 	0.259259259259
48 	15 	0.761904761905
67 	29 	0.697916666667
52 	29 	0.641975308642
214 	118 	0.644578313253
154 	33 	0.823529411765
132 	32 	0.80487804878
15 	8 	0.652173913043
13 	19 	0.40625
28 	15 	0.651162790698
31 	19 	0.62
13 	3 	0.8125
14 	13 	0.518518518519
63 	7 	0.9
54 	30 	0.642857142857
34 	12 	0.739130434783
16 	1 	0.941176470588
15 	3 	0.833333333333
37 	14 	0.725490196078
15 	13 	0.535714285714
72 	54 	0.571428571429
89 	49 	0.644927536232
12 	6 	0.666666666667
16 	12 	0.571428571429
46 	5 	0.901960784314
34 	12 	0.739130434783
20 	6 	0.769230769231
20 	15 	0.571428571429
52 	4 	0.928571428571
5 	10 	0.333333333333
36 	16 	0.692307692308
39 	42 	0.481481481481
22 	14 	0.611111111111
19 	27 	0.413043478261
27 	1 	0.964285714286
93 	68 	0.577639751553
104 	36 	0.742857142857
19 	11 	0.633333333333
77 	2 	0.974683544304
338 	5 	0.985422740525
29 	14 	0.674418604651
