25 	23 	0.520833333333
8 	4 	0.666666666667
21 	10 	0.677419354839
23 	14 	0.621621621622
85 	89 	0.488505747126
27 	2 	0.931034482759
31 	29 	0.516666666667
40 	81 	0.330578512397
16 	21 	0.432432432432
15 	19 	0.441176470588
86 	104 	0.452631578947
4 	18 	0.181818181818
24 	9 	0.727272727273
76 	72 	0.513513513514
54 	30 	0.642857142857
44 	28 	0.611111111111
11 	5 	0.6875
70 	42 	0.625
85 	47 	0.643939393939
34 	16 	0.68
41 	22 	0.650793650794
123 	66 	0.650793650794
50 	24 	0.675675675676
12 	5 	0.705882352941
48 	19 	0.716417910448
55 	33 	0.625
91 	21 	0.8125
12 	8 	0.6
17 	23 	0.425
25 	29 	0.462962962963
13 	19 	0.40625
25 	20 	0.555555555556
22 	10 	0.6875
32 	34 	0.484848484848
93 	62 	0.6
51 	27 	0.653846153846
54 	53 	0.504672897196
40 	12 	0.769230769231
10 	9 	0.526315789474
13 	22 	0.371428571429
31 	20 	0.607843137255
94 	29 	0.764227642276
32 	26 	0.551724137931
513 	48 	0.914438502674
7 	10 	0.411764705882
123 	39 	0.759259259259
88 	112 	0.44
28 	5 	0.848484848485
93 	30 	0.756097560976
92 	30 	0.754098360656
53 	46 	0.535353535354
41 	29 	0.585714285714
15 	5 	0.75
176 	31 	0.850241545894
26 	34 	0.433333333333
54 	16 	0.771428571429
509 	356 	0.588439306358
30 	81 	0.27027027027
108 	35 	0.755244755245
10 	17 	0.37037037037
41 	22 	0.650793650794
67 	29 	0.697916666667
51 	30 	0.62962962963
205 	127 	0.617469879518
138 	49 	0.737967914439
118 	46 	0.719512195122
16 	7 	0.695652173913
10 	22 	0.3125
22 	21 	0.511627906977
32 	18 	0.64
13 	3 	0.8125
15 	12 	0.555555555556
62 	8 	0.885714285714
56 	28 	0.666666666667
31 	15 	0.673913043478
15 	2 	0.882352941176
16 	2 	0.888888888889
39 	12 	0.764705882353
13 	15 	0.464285714286
59 	67 	0.468253968254
78 	60 	0.565217391304
11 	7 	0.611111111111
15 	13 	0.535714285714
46 	5 	0.901960784314
32 	14 	0.695652173913
19 	7 	0.730769230769
27 	8 	0.771428571429
52 	4 	0.928571428571
8 	7 	0.533333333333
34 	18 	0.653846153846
33 	48 	0.407407407407
22 	14 	0.611111111111
21 	25 	0.45652173913
27 	1 	0.964285714286
73 	88 	0.453416149068
100 	40 	0.714285714286
20 	10 	0.666666666667
77 	2 	0.974683544304
338 	5 	0.985422740525
23 	20 	0.53488372093
