19 	29 	0.395833333333
5 	7 	0.416666666667
15 	16 	0.483870967742
14 	23 	0.378378378378
65 	109 	0.373563218391
26 	3 	0.896551724138
28 	32 	0.466666666667
46 	75 	0.380165289256
21 	16 	0.567567567568
18 	16 	0.529411764706
95 	95 	0.5
9 	13 	0.409090909091
17 	16 	0.515151515152
62 	86 	0.418918918919
62 	22 	0.738095238095
45 	27 	0.625
12 	4 	0.75
68 	44 	0.607142857143
81 	51 	0.613636363636
36 	14 	0.72
39 	24 	0.619047619048
103 	86 	0.544973544974
37 	37 	0.5
11 	6 	0.647058823529
35 	32 	0.522388059701
62 	26 	0.704545454545
89 	23 	0.794642857143
10 	10 	0.5
22 	18 	0.55
26 	28 	0.481481481481
11 	21 	0.34375
27 	18 	0.6
19 	13 	0.59375
32 	34 	0.484848484848
73 	82 	0.470967741935
52 	26 	0.666666666667
52 	55 	0.485981308411
32 	20 	0.615384615385
7 	12 	0.368421052632
17 	18 	0.485714285714
30 	21 	0.588235294118
94 	29 	0.764227642276
26 	32 	0.448275862069
507 	54 	0.903743315508
10 	7 	0.588235294118
120 	42 	0.740740740741
77 	123 	0.385
16 	17 	0.484848484848
90 	33 	0.731707317073
90 	32 	0.737704918033
50 	49 	0.505050505051
35 	35 	0.5
7 	13 	0.35
175 	32 	0.845410628019
23 	37 	0.383333333333
51 	19 	0.728571428571
471 	394 	0.54450867052
31 	80 	0.279279279279
99 	44 	0.692307692308
9 	18 	0.333333333333
39 	24 	0.619047619048
60 	36 	0.625
40 	41 	0.493827160494
183 	149 	0.551204819277
127 	60 	0.679144385027
104 	60 	0.634146341463
7 	16 	0.304347826087
11 	21 	0.34375
19 	24 	0.441860465116
24 	26 	0.48
13 	3 	0.8125
10 	17 	0.37037037037
63 	7 	0.9
46 	38 	0.547619047619
27 	19 	0.586956521739
16 	1 	0.941176470588
14 	4 	0.777777777778
24 	27 	0.470588235294
8 	20 	0.285714285714
70 	56 	0.555555555556
82 	56 	0.594202898551
9 	9 	0.5
8 	20 	0.285714285714
45 	6 	0.882352941176
30 	16 	0.652173913043
20 	6 	0.769230769231
22 	13 	0.628571428571
50 	6 	0.892857142857
9 	6 	0.6
33 	19 	0.634615384615
33 	48 	0.407407407407
11 	25 	0.305555555556
14 	32 	0.304347826087
27 	1 	0.964285714286
79 	82 	0.490683229814
99 	41 	0.707142857143
16 	14 	0.533333333333
77 	2 	0.974683544304
338 	5 	0.985422740525
16 	27 	0.372093023256
