21 	27 	0.4375
7 	5 	0.583333333333
21 	10 	0.677419354839
17 	20 	0.459459459459
84 	90 	0.48275862069
25 	4 	0.862068965517
39 	21 	0.65
48 	73 	0.396694214876
19 	18 	0.513513513514
21 	13 	0.617647058824
86 	104 	0.452631578947
7 	15 	0.318181818182
25 	8 	0.757575757576
78 	70 	0.527027027027
60 	24 	0.714285714286
37 	35 	0.513888888889
11 	5 	0.6875
72 	40 	0.642857142857
70 	62 	0.530303030303
34 	16 	0.68
43 	20 	0.68253968254
111 	78 	0.587301587302
40 	34 	0.540540540541
9 	8 	0.529411764706
42 	25 	0.626865671642
58 	30 	0.659090909091
82 	30 	0.732142857143
8 	12 	0.4
17 	23 	0.425
23 	31 	0.425925925926
14 	18 	0.4375
24 	21 	0.533333333333
23 	9 	0.71875
21 	45 	0.318181818182
84 	71 	0.541935483871
49 	29 	0.628205128205
54 	53 	0.504672897196
37 	15 	0.711538461538
9 	10 	0.473684210526
15 	20 	0.428571428571
31 	20 	0.607843137255
91 	32 	0.739837398374
33 	25 	0.568965517241
499 	62 	0.889483065954
10 	7 	0.588235294118
115 	47 	0.70987654321
75 	125 	0.375
26 	7 	0.787878787879
89 	34 	0.723577235772
91 	31 	0.745901639344
48 	51 	0.484848484848
38 	32 	0.542857142857
14 	6 	0.7
165 	42 	0.797101449275
28 	32 	0.466666666667
48 	22 	0.685714285714
482 	383 	0.557225433526
34 	77 	0.306306306306
99 	44 	0.692307692308
8 	19 	0.296296296296
44 	19 	0.698412698413
60 	36 	0.625
50 	31 	0.617283950617
197 	135 	0.593373493976
131 	56 	0.700534759358
112 	52 	0.682926829268
11 	12 	0.478260869565
12 	20 	0.375
19 	24 	0.441860465116
27 	23 	0.54
12 	4 	0.75
17 	10 	0.62962962963
62 	8 	0.885714285714
52 	32 	0.619047619048
28 	18 	0.608695652174
15 	2 	0.882352941176
16 	2 	0.888888888889
32 	19 	0.627450980392
15 	13 	0.535714285714
59 	67 	0.468253968254
71 	67 	0.514492753623
11 	7 	0.611111111111
11 	17 	0.392857142857
45 	6 	0.882352941176
36 	10 	0.782608695652
17 	9 	0.653846153846
23 	12 	0.657142857143
48 	8 	0.857142857143
6 	9 	0.4
38 	14 	0.730769230769
34 	47 	0.41975308642
20 	16 	0.555555555556
25 	21 	0.54347826087
26 	2 	0.928571428571
78 	83 	0.484472049689
92 	48 	0.657142857143
16 	14 	0.533333333333
76 	3 	0.962025316456
337 	6 	0.98250728863
22 	21 	0.511627906977
