24 	24 	0.5
6 	6 	0.5
20 	11 	0.645161290323
18 	19 	0.486486486486
107 	67 	0.614942528736
27 	2 	0.931034482759
42 	18 	0.7
58 	63 	0.479338842975
14 	23 	0.378378378378
21 	13 	0.617647058824
109 	81 	0.573684210526
8 	14 	0.363636363636
22 	11 	0.666666666667
84 	64 	0.567567567568
60 	24 	0.714285714286
45 	27 	0.625
12 	4 	0.75
72 	40 	0.642857142857
89 	43 	0.674242424242
40 	10 	0.8
41 	22 	0.650793650794
122 	67 	0.645502645503
55 	19 	0.743243243243
12 	5 	0.705882352941
49 	18 	0.731343283582
59 	29 	0.670454545455
94 	18 	0.839285714286
10 	10 	0.5
18 	22 	0.45
22 	32 	0.407407407407
19 	13 	0.59375
27 	18 	0.6
25 	7 	0.78125
30 	36 	0.454545454545
88 	67 	0.567741935484
54 	24 	0.692307692308
57 	50 	0.532710280374
37 	15 	0.711538461538
10 	9 	0.526315789474
20 	15 	0.571428571429
29 	22 	0.56862745098
99 	24 	0.80487804878
34 	24 	0.586206896552
510 	51 	0.909090909091
7 	10 	0.411764705882
130 	32 	0.802469135802
75 	125 	0.375
25 	8 	0.757575757576
96 	27 	0.780487804878
97 	25 	0.795081967213
63 	36 	0.636363636364
41 	29 	0.585714285714
13 	7 	0.65
179 	28 	0.864734299517
35 	25 	0.583333333333
52 	18 	0.742857142857
505 	360 	0.583815028902
44 	67 	0.396396396396
103 	40 	0.72027972028
9 	18 	0.333333333333
53 	10 	0.84126984127
67 	29 	0.697916666667
51 	30 	0.62962962963
210 	122 	0.632530120482
144 	43 	0.770053475936
121 	43 	0.737804878049
14 	9 	0.608695652174
13 	19 	0.40625
31 	12 	0.720930232558
29 	21 	0.58
13 	3 	0.8125
17 	10 	0.62962962963
63 	7 	0.9
56 	28 	0.666666666667
32 	14 	0.695652173913
16 	1 	0.941176470588
15 	3 	0.833333333333
39 	12 	0.764705882353
14 	14 	0.5
72 	54 	0.571428571429
79 	59 	0.572463768116
12 	6 	0.666666666667
13 	15 	0.464285714286
45 	6 	0.882352941176
33 	13 	0.717391304348
20 	6 	0.769230769231
28 	7 	0.8
52 	4 	0.928571428571
7 	8 	0.466666666667
35 	17 	0.673076923077
38 	43 	0.469135802469
21 	15 	0.583333333333
22 	24 	0.478260869565
27 	1 	0.964285714286
81 	80 	0.503105590062
99 	41 	0.707142857143
20 	10 	0.666666666667
77 	2 	0.974683544304
338 	5 	0.985422740525
26 	17 	0.604651162791
