27 	21 	0.5625
8 	4 	0.666666666667
19 	12 	0.612903225806
21 	16 	0.567567567568
107 	67 	0.614942528736
27 	2 	0.931034482759
40 	20 	0.666666666667
58 	63 	0.479338842975
15 	22 	0.405405405405
20 	14 	0.588235294118
107 	83 	0.563157894737
12 	10 	0.545454545455
26 	7 	0.787878787879
78 	70 	0.527027027027
60 	24 	0.714285714286
47 	25 	0.652777777778
13 	3 	0.8125
71 	41 	0.633928571429
89 	43 	0.674242424242
40 	10 	0.8
40 	23 	0.634920634921
124 	65 	0.656084656085
56 	18 	0.756756756757
12 	5 	0.705882352941
51 	16 	0.761194029851
61 	27 	0.693181818182
91 	21 	0.8125
9 	11 	0.45
22 	18 	0.55
25 	29 	0.462962962963
19 	13 	0.59375
26 	19 	0.577777777778
25 	7 	0.78125
32 	34 	0.484848484848
94 	61 	0.606451612903
53 	25 	0.679487179487
63 	44 	0.588785046729
35 	17 	0.673076923077
9 	10 	0.473684210526
18 	17 	0.514285714286
28 	23 	0.549019607843
95 	28 	0.772357723577
36 	22 	0.620689655172
515 	46 	0.918003565062
8 	9 	0.470588235294
131 	31 	0.808641975309
76 	124 	0.38
25 	8 	0.757575757576
96 	27 	0.780487804878
96 	26 	0.786885245902
62 	37 	0.626262626263
42 	28 	0.6
14 	6 	0.7
177 	30 	0.855072463768
34 	26 	0.566666666667
51 	19 	0.728571428571
525 	340 	0.606936416185
50 	61 	0.45045045045
109 	34 	0.762237762238
8 	19 	0.296296296296
52 	11 	0.825396825397
71 	25 	0.739583333333
52 	29 	0.641975308642
206 	126 	0.620481927711
146 	41 	0.780748663102
131 	33 	0.798780487805
14 	9 	0.608695652174
12 	20 	0.375
30 	13 	0.697674418605
31 	19 	0.62
13 	3 	0.8125
18 	9 	0.666666666667
63 	7 	0.9
55 	29 	0.654761904762
32 	14 	0.695652173913
16 	1 	0.941176470588
15 	3 	0.833333333333
39 	12 	0.764705882353
17 	11 	0.607142857143
73 	53 	0.579365079365
78 	60 	0.565217391304
12 	6 	0.666666666667
9 	19 	0.321428571429
46 	5 	0.901960784314
33 	13 	0.717391304348
20 	6 	0.769230769231
24 	11 	0.685714285714
52 	4 	0.928571428571
5 	10 	0.333333333333
35 	17 	0.673076923077
38 	43 	0.469135802469
22 	14 	0.611111111111
25 	21 	0.54347826087
27 	1 	0.964285714286
94 	67 	0.583850931677
98 	42 	0.7
20 	10 	0.666666666667
77 	2 	0.974683544304
338 	5 	0.985422740525
26 	17 	0.604651162791
