25 	23 	0.520833333333
18 	13 	0.58064516129
20 	17 	0.540540540541
94 	80 	0.540229885057
27 	2 	0.931034482759
36 	24 	0.6
50 	71 	0.413223140496
21 	16 	0.567567567568
19 	15 	0.558823529412
105 	85 	0.552631578947
9 	13 	0.409090909091
24 	9 	0.727272727273
88 	60 	0.594594594595
61 	23 	0.72619047619
42 	30 	0.583333333333
68 	44 	0.607142857143
74 	58 	0.560606060606
35 	15 	0.7
47 	16 	0.746031746032
109 	80 	0.57671957672
54 	20 	0.72972972973
12 	5 	0.705882352941
39 	28 	0.582089552239
66 	22 	0.75
93 	19 	0.830357142857
9 	11 	0.45
24 	16 	0.6
29 	25 	0.537037037037
14 	18 	0.4375
29 	16 	0.644444444444
21 	11 	0.65625
32 	34 	0.484848484848
96 	59 	0.61935483871
53 	25 	0.679487179487
58 	49 	0.542056074766
38 	14 	0.730769230769
9 	10 	0.473684210526
17 	18 	0.485714285714
31 	20 	0.607843137255
85 	38 	0.691056910569
35 	23 	0.603448275862
528 	33 	0.941176470588
13 	4 	0.764705882353
121 	41 	0.746913580247
76 	124 	0.38
21 	12 	0.636363636364
89 	34 	0.723577235772
92 	30 	0.754098360656
55 	44 	0.555555555556
40 	30 	0.571428571429
12 	8 	0.6
175 	32 	0.845410628019
35 	25 	0.583333333333
47 	23 	0.671428571429
539 	326 	0.623121387283
44 	67 	0.396396396396
109 	34 	0.762237762238
10 	17 	0.37037037037
43 	20 	0.68253968254
67 	29 	0.697916666667
53 	28 	0.654320987654
193 	139 	0.581325301205
140 	47 	0.748663101604
116 	48 	0.707317073171
14 	9 	0.608695652174
17 	15 	0.53125
23 	20 	0.53488372093
25 	25 	0.5
13 	14 	0.481481481481
62 	8 	0.885714285714
52 	32 	0.619047619048
30 	16 	0.652173913043
16 	1 	0.941176470588
15 	3 	0.833333333333
30 	21 	0.588235294118
13 	15 	0.464285714286
75 	51 	0.595238095238
81 	57 	0.586956521739
11 	7 	0.611111111111
6 	22 	0.214285714286
46 	5 	0.901960784314
33 	13 	0.717391304348
20 	6 	0.769230769231
22 	13 	0.628571428571
52 	4 	0.928571428571
36 	16 	0.692307692308
33 	48 	0.407407407407
19 	17 	0.527777777778
23 	23 	0.5
27 	1 	0.964285714286
93 	68 	0.577639751553
99 	41 	0.707142857143
15 	15 	0.5
77 	2 	0.974683544304
338 	5 	0.985422740525
23 	20 	0.53488372093
