24 	24 	0.5
6 	6 	0.5
19 	12 	0.612903225806
24 	13 	0.648648648649
90 	84 	0.51724137931
26 	3 	0.896551724138
30 	30 	0.5
38 	83 	0.314049586777
20 	17 	0.540540540541
14 	20 	0.411764705882
91 	99 	0.478947368421
7 	15 	0.318181818182
24 	9 	0.727272727273
68 	80 	0.459459459459
56 	28 	0.666666666667
45 	27 	0.625
11 	5 	0.6875
72 	40 	0.642857142857
81 	51 	0.613636363636
35 	15 	0.7
41 	22 	0.650793650794
125 	64 	0.661375661376
47 	27 	0.635135135135
12 	5 	0.705882352941
45 	22 	0.671641791045
58 	30 	0.659090909091
87 	25 	0.776785714286
12 	8 	0.6
14 	26 	0.35
29 	25 	0.537037037037
15 	17 	0.46875
20 	25 	0.444444444444
22 	10 	0.6875
29 	37 	0.439393939394
85 	70 	0.548387096774
55 	23 	0.705128205128
51 	56 	0.476635514019
39 	13 	0.75
10 	9 	0.526315789474
14 	21 	0.4
27 	24 	0.529411764706
90 	33 	0.731707317073
34 	24 	0.586206896552
519 	42 	0.92513368984
10 	7 	0.588235294118
122 	40 	0.753086419753
73 	127 	0.365
29 	4 	0.878787878788
91 	32 	0.739837398374
94 	28 	0.770491803279
54 	45 	0.545454545455
42 	28 	0.6
12 	8 	0.6
176 	31 	0.850241545894
32 	28 	0.533333333333
52 	18 	0.742857142857
518 	347 	0.598843930636
29 	82 	0.261261261261
104 	39 	0.727272727273
4 	23 	0.148148148148
42 	21 	0.666666666667
67 	29 	0.697916666667
51 	30 	0.62962962963
214 	118 	0.644578313253
139 	48 	0.743315508021
103 	61 	0.628048780488
18 	5 	0.782608695652
10 	22 	0.3125
24 	19 	0.558139534884
26 	24 	0.52
13 	3 	0.8125
14 	13 	0.518518518519
63 	7 	0.9
57 	27 	0.678571428571
28 	18 	0.608695652174
16 	1 	0.941176470588
16 	2 	0.888888888889
35 	16 	0.686274509804
14 	14 	0.5
54 	72 	0.428571428571
86 	52 	0.623188405797
11 	7 	0.611111111111
13 	15 	0.464285714286
46 	5 	0.901960784314
34 	12 	0.739130434783
19 	7 	0.730769230769
25 	10 	0.714285714286
51 	5 	0.910714285714
7 	8 	0.466666666667
32 	20 	0.615384615385
40 	41 	0.493827160494
19 	17 	0.527777777778
20 	26 	0.434782608696
27 	1 	0.964285714286
88 	73 	0.546583850932
101 	39 	0.721428571429
20 	10 	0.666666666667
77 	2 	0.974683544304
338 	5 	0.985422740525
18 	25 	0.418604651163
