22 	26 	0.458333333333
18 	13 	0.58064516129
22 	15 	0.594594594595
114 	60 	0.655172413793
27 	2 	0.931034482759
44 	16 	0.733333333333
63 	58 	0.520661157025
16 	21 	0.432432432432
21 	13 	0.617647058824
123 	67 	0.647368421053
6 	16 	0.272727272727
24 	9 	0.727272727273
101 	47 	0.682432432432
66 	18 	0.785714285714
50 	22 	0.694444444444
72 	40 	0.642857142857
89 	43 	0.674242424242
39 	11 	0.78
46 	17 	0.730158730159
129 	60 	0.68253968254
58 	16 	0.783783783784
12 	5 	0.705882352941
50 	17 	0.746268656716
66 	22 	0.75
90 	22 	0.803571428571
8 	12 	0.4
24 	16 	0.6
28 	26 	0.518518518519
19 	13 	0.59375
29 	16 	0.644444444444
19 	13 	0.59375
32 	34 	0.484848484848
113 	42 	0.729032258065
56 	22 	0.717948717949
66 	41 	0.616822429907
41 	11 	0.788461538462
6 	13 	0.315789473684
18 	17 	0.514285714286
35 	16 	0.686274509804
93 	30 	0.756097560976
33 	25 	0.568965517241
542 	19 	0.966131907308
9 	8 	0.529411764706
131 	31 	0.808641975309
78 	122 	0.39
26 	7 	0.787878787879
98 	25 	0.79674796748
98 	24 	0.803278688525
66 	33 	0.666666666667
44 	26 	0.628571428571
11 	9 	0.55
179 	28 	0.864734299517
39 	21 	0.65
56 	14 	0.8
566 	299 	0.654335260116
51 	60 	0.459459459459
111 	32 	0.776223776224
10 	17 	0.37037037037
52 	11 	0.825396825397
72 	24 	0.75
52 	29 	0.641975308642
221 	111 	0.665662650602
151 	36 	0.807486631016
137 	27 	0.835365853659
16 	7 	0.695652173913
9 	23 	0.28125
33 	10 	0.767441860465
30 	20 	0.6
11 	16 	0.407407407407
63 	7 	0.9
61 	23 	0.72619047619
37 	9 	0.804347826087
16 	1 	0.941176470588
15 	3 	0.833333333333
36 	15 	0.705882352941
14 	14 	0.5
77 	49 	0.611111111111
94 	44 	0.68115942029
10 	8 	0.555555555556
15 	13 	0.535714285714
46 	5 	0.901960784314
36 	10 	0.782608695652
20 	6 	0.769230769231
21 	14 	0.6
52 	4 	0.928571428571
35 	17 	0.673076923077
42 	39 	0.518518518519
21 	15 	0.583333333333
23 	23 	0.5
27 	1 	0.964285714286
106 	55 	0.658385093168
110 	30 	0.785714285714
18 	12 	0.6
77 	2 	0.974683544304
338 	5 	0.985422740525
27 	16 	0.627906976744
