21 	27 	0.4375
7 	5 	0.583333333333
21 	10 	0.677419354839
17 	20 	0.459459459459
87 	87 	0.5
25 	4 	0.862068965517
40 	20 	0.666666666667
46 	75 	0.380165289256
17 	20 	0.459459459459
21 	13 	0.617647058824
87 	103 	0.457894736842
6 	16 	0.272727272727
24 	9 	0.727272727273
78 	70 	0.527027027027
62 	22 	0.738095238095
39 	33 	0.541666666667
11 	5 	0.6875
73 	39 	0.651785714286
71 	61 	0.537878787879
35 	15 	0.7
44 	19 	0.698412698413
113 	76 	0.597883597884
41 	33 	0.554054054054
9 	8 	0.529411764706
43 	24 	0.641791044776
58 	30 	0.659090909091
83 	29 	0.741071428571
8 	12 	0.4
18 	22 	0.45
22 	32 	0.407407407407
15 	17 	0.46875
24 	21 	0.533333333333
23 	9 	0.71875
23 	43 	0.348484848485
86 	69 	0.554838709677
51 	27 	0.653846153846
54 	53 	0.504672897196
36 	16 	0.692307692308
9 	10 	0.473684210526
14 	21 	0.4
34 	17 	0.666666666667
88 	35 	0.715447154472
35 	23 	0.603448275862
501 	60 	0.893048128342
10 	7 	0.588235294118
116 	46 	0.716049382716
74 	126 	0.37
26 	7 	0.787878787879
90 	33 	0.731707317073
92 	30 	0.754098360656
51 	48 	0.515151515152
37 	33 	0.528571428571
14 	6 	0.7
171 	36 	0.826086956522
27 	33 	0.45
48 	22 	0.685714285714
491 	374 	0.567630057803
36 	75 	0.324324324324
100 	43 	0.699300699301
8 	19 	0.296296296296
45 	18 	0.714285714286
62 	34 	0.645833333333
51 	30 	0.62962962963
201 	131 	0.605421686747
134 	53 	0.716577540107
114 	50 	0.69512195122
11 	12 	0.478260869565
11 	21 	0.34375
19 	24 	0.441860465116
27 	23 	0.54
12 	4 	0.75
17 	10 	0.62962962963
62 	8 	0.885714285714
52 	32 	0.619047619048
28 	18 	0.608695652174
15 	2 	0.882352941176
16 	2 	0.888888888889
33 	18 	0.647058823529
15 	13 	0.535714285714
65 	61 	0.515873015873
74 	64 	0.536231884058
11 	7 	0.611111111111
11 	17 	0.392857142857
45 	6 	0.882352941176
37 	9 	0.804347826087
17 	9 	0.653846153846
20 	15 	0.571428571429
49 	7 	0.875
6 	9 	0.4
38 	14 	0.730769230769
35 	46 	0.432098765432
20 	16 	0.555555555556
23 	23 	0.5
26 	2 	0.928571428571
77 	84 	0.478260869565
92 	48 	0.657142857143
17 	13 	0.566666666667
76 	3 	0.962025316456
337 	6 	0.98250728863
23 	20 	0.53488372093
