30 	18 	0.625
6 	6 	0.5
19 	12 	0.612903225806
20 	17 	0.540540540541
68 	106 	0.390804597701
27 	2 	0.931034482759
28 	32 	0.466666666667
46 	75 	0.380165289256
21 	16 	0.567567567568
17 	17 	0.5
93 	97 	0.489473684211
8 	14 	0.363636363636
21 	12 	0.636363636364
68 	80 	0.459459459459
59 	25 	0.702380952381
42 	30 	0.583333333333
14 	2 	0.875
74 	38 	0.660714285714
77 	55 	0.583333333333
32 	18 	0.64
40 	23 	0.634920634921
88 	101 	0.465608465608
45 	29 	0.608108108108
10 	7 	0.588235294118
45 	22 	0.671641791045
64 	24 	0.727272727273
87 	25 	0.776785714286
10 	10 	0.5
19 	21 	0.475
27 	27 	0.5
11 	21 	0.34375
22 	23 	0.488888888889
21 	11 	0.65625
25 	41 	0.378787878788
87 	68 	0.561290322581
52 	26 	0.666666666667
51 	56 	0.476635514019
43 	9 	0.826923076923
9 	10 	0.473684210526
17 	18 	0.485714285714
32 	19 	0.627450980392
88 	35 	0.715447154472
32 	26 	0.551724137931
509 	52 	0.907308377897
12 	5 	0.705882352941
124 	38 	0.765432098765
64 	136 	0.32
25 	8 	0.757575757576
90 	33 	0.731707317073
83 	39 	0.680327868852
49 	50 	0.494949494949
38 	32 	0.542857142857
10 	10 	0.5
174 	33 	0.840579710145
22 	38 	0.366666666667
50 	20 	0.714285714286
509 	356 	0.588439306358
32 	79 	0.288288288288
112 	31 	0.783216783217
9 	18 	0.333333333333
45 	18 	0.714285714286
67 	29 	0.697916666667
50 	31 	0.617283950617
171 	161 	0.515060240964
135 	52 	0.72192513369
112 	52 	0.682926829268
17 	6 	0.739130434783
12 	20 	0.375
20 	23 	0.46511627907
19 	31 	0.38
13 	3 	0.8125
17 	10 	0.62962962963
63 	7 	0.9
54 	30 	0.642857142857
28 	18 	0.608695652174
16 	1 	0.941176470588
14 	4 	0.777777777778
30 	21 	0.588235294118
18 	10 	0.642857142857
71 	55 	0.563492063492
69 	69 	0.5
12 	6 	0.666666666667
7 	21 	0.25
46 	5 	0.901960784314
32 	14 	0.695652173913
18 	8 	0.692307692308
17 	18 	0.485714285714
53 	3 	0.946428571429
3 	12 	0.2
36 	16 	0.692307692308
37 	44 	0.456790123457
17 	19 	0.472222222222
22 	24 	0.478260869565
27 	1 	0.964285714286
82 	79 	0.509316770186
94 	46 	0.671428571429
15 	15 	0.5
77 	2 	0.974683544304
337 	6 	0.98250728863
24 	19 	0.558139534884
