25 	23 	0.520833333333
5 	7 	0.416666666667
16 	15 	0.516129032258
18 	19 	0.486486486486
62 	112 	0.35632183908
27 	2 	0.931034482759
23 	37 	0.383333333333
48 	73 	0.396694214876
14 	23 	0.378378378378
14 	20 	0.411764705882
96 	94 	0.505263157895
8 	14 	0.363636363636
17 	16 	0.515151515152
61 	87 	0.412162162162
59 	25 	0.702380952381
46 	26 	0.638888888889
13 	3 	0.8125
70 	42 	0.625
82 	50 	0.621212121212
31 	19 	0.62
43 	20 	0.68253968254
102 	87 	0.539682539683
39 	35 	0.527027027027
11 	6 	0.647058823529
40 	27 	0.597014925373
62 	26 	0.704545454545
90 	22 	0.803571428571
6 	14 	0.3
21 	19 	0.525
25 	29 	0.462962962963
12 	20 	0.375
26 	19 	0.577777777778
16 	16 	0.5
27 	39 	0.409090909091
79 	76 	0.509677419355
52 	26 	0.666666666667
58 	49 	0.542056074766
34 	18 	0.653846153846
2 	17 	0.105263157895
16 	19 	0.457142857143
29 	22 	0.56862745098
94 	29 	0.764227642276
27 	31 	0.465517241379
507 	54 	0.903743315508
10 	7 	0.588235294118
121 	41 	0.746913580247
70 	130 	0.35
22 	11 	0.666666666667
92 	31 	0.747967479675
90 	32 	0.737704918033
44 	55 	0.444444444444
33 	37 	0.471428571429
6 	14 	0.3
175 	32 	0.845410628019
22 	38 	0.366666666667
52 	18 	0.742857142857
486 	379 	0.561849710983
29 	82 	0.261261261261
100 	43 	0.699300699301
9 	18 	0.333333333333
44 	19 	0.698412698413
60 	36 	0.625
41 	40 	0.506172839506
183 	149 	0.551204819277
132 	55 	0.705882352941
97 	67 	0.591463414634
13 	10 	0.565217391304
12 	20 	0.375
19 	24 	0.441860465116
25 	25 	0.5
14 	2 	0.875
12 	15 	0.444444444444
63 	7 	0.9
53 	31 	0.630952380952
26 	20 	0.565217391304
16 	1 	0.941176470588
15 	3 	0.833333333333
25 	26 	0.490196078431
8 	20 	0.285714285714
74 	52 	0.587301587302
82 	56 	0.594202898551
11 	7 	0.611111111111
10 	18 	0.357142857143
46 	5 	0.901960784314
24 	22 	0.521739130435
19 	7 	0.730769230769
21 	14 	0.6
51 	5 	0.910714285714
7 	8 	0.466666666667
36 	16 	0.692307692308
31 	50 	0.382716049383
18 	18 	0.5
21 	25 	0.45652173913
27 	1 	0.964285714286
79 	82 	0.490683229814
103 	37 	0.735714285714
14 	16 	0.466666666667
77 	2 	0.974683544304
338 	5 	0.985422740525
14 	29 	0.325581395349
