24 	24 	0.5
8 	4 	0.666666666667
17 	14 	0.548387096774
20 	17 	0.540540540541
75 	99 	0.431034482759
27 	2 	0.931034482759
30 	30 	0.5
46 	75 	0.380165289256
20 	17 	0.540540540541
17 	17 	0.5
100 	90 	0.526315789474
9 	13 	0.409090909091
22 	11 	0.666666666667
79 	69 	0.533783783784
62 	22 	0.738095238095
48 	24 	0.666666666667
13 	3 	0.8125
74 	38 	0.660714285714
87 	45 	0.659090909091
35 	15 	0.7
44 	19 	0.698412698413
105 	84 	0.555555555556
44 	30 	0.594594594595
12 	5 	0.705882352941
39 	28 	0.582089552239
58 	30 	0.659090909091
88 	24 	0.785714285714
5 	15 	0.25
18 	22 	0.45
25 	29 	0.462962962963
15 	17 	0.46875
26 	19 	0.577777777778
19 	13 	0.59375
29 	37 	0.439393939394
92 	63 	0.593548387097
47 	31 	0.602564102564
55 	52 	0.514018691589
36 	16 	0.692307692308
8 	11 	0.421052631579
16 	19 	0.457142857143
27 	24 	0.529411764706
97 	26 	0.788617886179
33 	25 	0.568965517241
515 	46 	0.918003565062
11 	6 	0.647058823529
123 	39 	0.759259259259
67 	133 	0.335
26 	7 	0.787878787879
93 	30 	0.756097560976
86 	36 	0.704918032787
61 	38 	0.616161616162
40 	30 	0.571428571429
7 	13 	0.35
175 	32 	0.845410628019
23 	37 	0.383333333333
51 	19 	0.728571428571
492 	373 	0.568786127168
34 	77 	0.306306306306
109 	34 	0.762237762238
6 	21 	0.222222222222
41 	22 	0.650793650794
62 	34 	0.645833333333
45 	36 	0.555555555556
185 	147 	0.557228915663
138 	49 	0.737967914439
112 	52 	0.682926829268
8 	15 	0.347826086957
11 	21 	0.34375
21 	22 	0.488372093023
23 	27 	0.46
14 	2 	0.875
11 	16 	0.407407407407
63 	7 	0.9
53 	31 	0.630952380952
27 	19 	0.586956521739
16 	1 	0.941176470588
15 	3 	0.833333333333
25 	26 	0.490196078431
10 	18 	0.357142857143
69 	57 	0.547619047619
83 	55 	0.601449275362
11 	7 	0.611111111111
8 	20 	0.285714285714
46 	5 	0.901960784314
29 	17 	0.630434782609
20 	6 	0.769230769231
26 	9 	0.742857142857
52 	4 	0.928571428571
7 	8 	0.466666666667
35 	17 	0.673076923077
36 	45 	0.444444444444
19 	17 	0.527777777778
21 	25 	0.45652173913
27 	1 	0.964285714286
91 	70 	0.565217391304
103 	37 	0.735714285714
15 	15 	0.5
77 	2 	0.974683544304
338 	5 	0.985422740525
17 	26 	0.395348837209
