25 	23 	0.520833333333
17 	14 	0.548387096774
22 	15 	0.594594594595
76 	98 	0.436781609195
27 	2 	0.931034482759
28 	32 	0.466666666667
53 	68 	0.438016528926
15 	22 	0.405405405405
17 	17 	0.5
98 	92 	0.515789473684
7 	15 	0.318181818182
19 	14 	0.575757575758
63 	85 	0.425675675676
59 	25 	0.702380952381
47 	25 	0.652777777778
63 	49 	0.5625
83 	49 	0.628787878788
32 	18 	0.64
45 	18 	0.714285714286
105 	84 	0.555555555556
43 	31 	0.581081081081
12 	5 	0.705882352941
35 	32 	0.522388059701
64 	24 	0.727272727273
90 	22 	0.803571428571
11 	9 	0.55
18 	22 	0.45
31 	23 	0.574074074074
10 	22 	0.3125
29 	16 	0.644444444444
21 	11 	0.65625
30 	36 	0.454545454545
83 	72 	0.535483870968
49 	29 	0.628205128205
51 	56 	0.476635514019
28 	24 	0.538461538462
3 	16 	0.157894736842
18 	17 	0.514285714286
33 	18 	0.647058823529
88 	35 	0.715447154472
25 	33 	0.431034482759
509 	52 	0.907308377897
13 	4 	0.764705882353
121 	41 	0.746913580247
75 	125 	0.375
20 	13 	0.606060606061
83 	40 	0.674796747967
86 	36 	0.704918032787
46 	53 	0.464646464646
37 	33 	0.528571428571
9 	11 	0.45
178 	29 	0.859903381643
23 	37 	0.383333333333
51 	19 	0.728571428571
502 	363 	0.580346820809
31 	80 	0.279279279279
93 	50 	0.65034965035
4 	23 	0.148148148148
40 	23 	0.634920634921
62 	34 	0.645833333333
39 	42 	0.481481481481
177 	155 	0.53313253012
131 	56 	0.700534759358
107 	57 	0.65243902439
6 	17 	0.260869565217
11 	21 	0.34375
16 	27 	0.372093023256
25 	25 	0.5
15 	12 	0.555555555556
63 	7 	0.9
44 	40 	0.52380952381
28 	18 	0.608695652174
16 	1 	0.941176470588
15 	3 	0.833333333333
30 	21 	0.588235294118
12 	16 	0.428571428571
73 	53 	0.579365079365
81 	57 	0.586956521739
11 	7 	0.611111111111
8 	20 	0.285714285714
46 	5 	0.901960784314
30 	16 	0.652173913043
19 	7 	0.730769230769
19 	16 	0.542857142857
52 	4 	0.928571428571
36 	16 	0.692307692308
31 	50 	0.382716049383
15 	21 	0.416666666667
24 	22 	0.521739130435
27 	1 	0.964285714286
78 	83 	0.484472049689
103 	37 	0.735714285714
16 	14 	0.533333333333
77 	2 	0.974683544304
338 	5 	0.985422740525
16 	27 	0.372093023256
