20 	28 	0.416666666667
7 	5 	0.583333333333
15 	16 	0.483870967742
23 	14 	0.621621621622
81 	93 	0.465517241379
27 	2 	0.931034482759
33 	27 	0.55
44 	77 	0.363636363636
23 	14 	0.621621621622
16 	18 	0.470588235294
91 	99 	0.478947368421
7 	15 	0.318181818182
19 	14 	0.575757575758
77 	71 	0.52027027027
58 	26 	0.690476190476
42 	30 	0.583333333333
13 	3 	0.8125
69 	43 	0.616071428571
84 	48 	0.636363636364
33 	17 	0.66
40 	23 	0.634920634921
111 	78 	0.587301587302
50 	24 	0.675675675676
11 	6 	0.647058823529
45 	22 	0.671641791045
66 	22 	0.75
86 	26 	0.767857142857
9 	11 	0.45
15 	25 	0.375
25 	29 	0.462962962963
14 	18 	0.4375
21 	24 	0.466666666667
21 	11 	0.65625
28 	38 	0.424242424242
71 	84 	0.458064516129
48 	30 	0.615384615385
53 	54 	0.495327102804
39 	13 	0.75
7 	12 	0.368421052632
15 	20 	0.428571428571
24 	27 	0.470588235294
97 	26 	0.788617886179
30 	28 	0.51724137931
515 	46 	0.918003565062
11 	6 	0.647058823529
119 	43 	0.734567901235
67 	133 	0.335
20 	13 	0.606060606061
97 	26 	0.788617886179
80 	42 	0.655737704918
63 	36 	0.636363636364
38 	32 	0.542857142857
9 	11 	0.45
173 	34 	0.835748792271
27 	33 	0.45
49 	21 	0.7
481 	384 	0.556069364162
35 	76 	0.315315315315
103 	40 	0.72027972028
6 	21 	0.222222222222
42 	21 	0.666666666667
65 	31 	0.677083333333
48 	33 	0.592592592593
163 	169 	0.490963855422
139 	48 	0.743315508021
105 	59 	0.640243902439
11 	12 	0.478260869565
9 	23 	0.28125
24 	19 	0.558139534884
26 	24 	0.52
14 	2 	0.875
12 	15 	0.444444444444
63 	7 	0.9
45 	39 	0.535714285714
29 	17 	0.630434782609
16 	1 	0.941176470588
14 	4 	0.777777777778
23 	28 	0.450980392157
10 	18 	0.357142857143
80 	46 	0.634920634921
87 	51 	0.630434782609
11 	7 	0.611111111111
8 	20 	0.285714285714
45 	6 	0.882352941176
32 	14 	0.695652173913
17 	9 	0.653846153846
24 	11 	0.685714285714
51 	5 	0.910714285714
6 	9 	0.4
32 	20 	0.615384615385
37 	44 	0.456790123457
16 	20 	0.444444444444
15 	31 	0.326086956522
27 	1 	0.964285714286
81 	80 	0.503105590062
97 	43 	0.692857142857
12 	18 	0.4
77 	2 	0.974683544304
338 	5 	0.985422740525
20 	23 	0.46511627907
