20 	28 	0.416666666667
21 	10 	0.677419354839
24 	13 	0.648648648649
110 	64 	0.632183908046
27 	2 	0.931034482759
45 	15 	0.75
64 	57 	0.528925619835
18 	19 	0.486486486486
20 	14 	0.588235294118
118 	72 	0.621052631579
9 	13 	0.409090909091
26 	7 	0.787878787879
98 	50 	0.662162162162
66 	18 	0.785714285714
50 	22 	0.694444444444
72 	40 	0.642857142857
90 	42 	0.681818181818
36 	14 	0.72
46 	17 	0.730158730159
128 	61 	0.677248677249
61 	13 	0.824324324324
12 	5 	0.705882352941
47 	20 	0.701492537313
65 	23 	0.738636363636
85 	27 	0.758928571429
10 	10 	0.5
25 	15 	0.625
28 	26 	0.518518518519
19 	13 	0.59375
23 	22 	0.511111111111
23 	9 	0.71875
31 	35 	0.469696969697
107 	48 	0.690322580645
55 	23 	0.705128205128
62 	45 	0.579439252336
41 	11 	0.788461538462
11 	8 	0.578947368421
14 	21 	0.4
36 	15 	0.705882352941
92 	31 	0.747967479675
32 	26 	0.551724137931
542 	19 	0.966131907308
12 	5 	0.705882352941
128 	34 	0.79012345679
80 	120 	0.4
27 	6 	0.818181818182
99 	24 	0.80487804878
102 	20 	0.83606557377
66 	33 	0.666666666667
36 	34 	0.514285714286
12 	8 	0.6
180 	27 	0.869565217391
41 	19 	0.683333333333
54 	16 	0.771428571429
566 	299 	0.654335260116
50 	61 	0.45045045045
113 	30 	0.79020979021
5 	22 	0.185185185185
49 	14 	0.777777777778
72 	24 	0.75
53 	28 	0.654320987654
213 	119 	0.64156626506
154 	33 	0.823529411765
135 	29 	0.823170731707
17 	6 	0.739130434783
12 	20 	0.375
31 	12 	0.720930232558
32 	18 	0.64
14 	13 	0.518518518519
63 	7 	0.9
61 	23 	0.72619047619
33 	13 	0.717391304348
16 	1 	0.941176470588
15 	3 	0.833333333333
39 	12 	0.764705882353
12 	16 	0.428571428571
78 	48 	0.619047619048
90 	48 	0.652173913043
8 	10 	0.444444444444
15 	13 	0.535714285714
46 	5 	0.901960784314
35 	11 	0.760869565217
20 	6 	0.769230769231
23 	12 	0.657142857143
54 	2 	0.964285714286
36 	16 	0.692307692308
51 	30 	0.62962962963
19 	17 	0.527777777778
27 	19 	0.586956521739
27 	1 	0.964285714286
104 	57 	0.645962732919
108 	32 	0.771428571429
19 	11 	0.633333333333
77 	2 	0.974683544304
338 	5 	0.985422740525
29 	14 	0.674418604651
