25 	23 	0.520833333333
17 	14 	0.548387096774
23 	14 	0.621621621622
99 	75 	0.568965517241
27 	2 	0.931034482759
31 	29 	0.516666666667
58 	63 	0.479338842975
19 	18 	0.513513513514
18 	16 	0.529411764706
94 	96 	0.494736842105
4 	18 	0.181818181818
20 	13 	0.606060606061
88 	60 	0.594594594595
63 	21 	0.75
44 	28 	0.611111111111
70 	42 	0.625
81 	51 	0.613636363636
33 	17 	0.66
42 	21 	0.666666666667
110 	79 	0.582010582011
54 	20 	0.72972972973
12 	5 	0.705882352941
44 	23 	0.65671641791
68 	20 	0.772727272727
90 	22 	0.803571428571
9 	11 	0.45
25 	15 	0.625
28 	26 	0.518518518519
17 	15 	0.53125
28 	17 	0.622222222222
17 	15 	0.53125
28 	38 	0.424242424242
93 	62 	0.6
51 	27 	0.653846153846
60 	47 	0.560747663551
41 	11 	0.788461538462
5 	14 	0.263157894737
16 	19 	0.457142857143
28 	23 	0.549019607843
88 	35 	0.715447154472
28 	30 	0.48275862069
534 	27 	0.951871657754
12 	5 	0.705882352941
123 	39 	0.759259259259
75 	125 	0.375
23 	10 	0.69696969697
97 	26 	0.788617886179
99 	23 	0.811475409836
58 	41 	0.585858585859
34 	36 	0.485714285714
10 	10 	0.5
175 	32 	0.845410628019
37 	23 	0.616666666667
50 	20 	0.714285714286
538 	327 	0.621965317919
52 	59 	0.468468468468
111 	32 	0.776223776224
5 	22 	0.185185185185
48 	15 	0.761904761905
63 	33 	0.65625
51 	30 	0.62962962963
202 	130 	0.60843373494
143 	44 	0.764705882353
122 	42 	0.743902439024
16 	7 	0.695652173913
10 	22 	0.3125
27 	16 	0.627906976744
29 	21 	0.58
13 	14 	0.481481481481
63 	7 	0.9
60 	24 	0.714285714286
33 	13 	0.717391304348
16 	1 	0.941176470588
15 	3 	0.833333333333
35 	16 	0.686274509804
14 	14 	0.5
81 	45 	0.642857142857
84 	54 	0.608695652174
9 	9 	0.5
10 	18 	0.357142857143
46 	5 	0.901960784314
30 	16 	0.652173913043
20 	6 	0.769230769231
22 	13 	0.628571428571
54 	2 	0.964285714286
36 	16 	0.692307692308
39 	42 	0.481481481481
21 	15 	0.583333333333
23 	23 	0.5
27 	1 	0.964285714286
92 	69 	0.571428571429
102 	38 	0.728571428571
18 	12 	0.6
77 	2 	0.974683544304
338 	5 	0.985422740525
20 	23 	0.46511627907
