18 	30 	0.375
8 	4 	0.666666666667
19 	12 	0.612903225806
20 	17 	0.540540540541
77 	97 	0.442528735632
27 	2 	0.931034482759
35 	25 	0.583333333333
48 	73 	0.396694214876
20 	17 	0.540540540541
19 	15 	0.558823529412
100 	90 	0.526315789474
10 	12 	0.454545454545
22 	11 	0.666666666667
80 	68 	0.540540540541
61 	23 	0.72619047619
44 	28 	0.611111111111
15 	1 	0.9375
72 	40 	0.642857142857
83 	49 	0.628787878788
35 	15 	0.7
43 	20 	0.68253968254
104 	85 	0.550264550265
42 	32 	0.567567567568
11 	6 	0.647058823529
42 	25 	0.626865671642
63 	25 	0.715909090909
86 	26 	0.767857142857
7 	13 	0.35
17 	23 	0.425
27 	27 	0.5
14 	18 	0.4375
28 	17 	0.622222222222
20 	12 	0.625
32 	34 	0.484848484848
89 	66 	0.574193548387
47 	31 	0.602564102564
56 	51 	0.523364485981
38 	14 	0.730769230769
7 	12 	0.368421052632
16 	19 	0.457142857143
26 	25 	0.509803921569
94 	29 	0.764227642276
30 	28 	0.51724137931
512 	49 	0.91265597148
11 	6 	0.647058823529
123 	39 	0.759259259259
69 	131 	0.345
24 	9 	0.727272727273
95 	28 	0.772357723577
84 	38 	0.688524590164
57 	42 	0.575757575758
40 	30 	0.571428571429
9 	11 	0.45
176 	31 	0.850241545894
23 	37 	0.383333333333
51 	19 	0.728571428571
479 	386 	0.553757225434
35 	76 	0.315315315315
109 	34 	0.762237762238
6 	21 	0.222222222222
46 	17 	0.730158730159
63 	33 	0.65625
51 	30 	0.62962962963
177 	155 	0.53313253012
140 	47 	0.748663101604
114 	50 	0.69512195122
5 	18 	0.217391304348
11 	21 	0.34375
21 	22 	0.488372093023
27 	23 	0.54
14 	2 	0.875
14 	13 	0.518518518519
63 	7 	0.9
49 	35 	0.583333333333
29 	17 	0.630434782609
16 	1 	0.941176470588
15 	3 	0.833333333333
23 	28 	0.450980392157
10 	18 	0.357142857143
74 	52 	0.587301587302
84 	54 	0.608695652174
11 	7 	0.611111111111
8 	20 	0.285714285714
46 	5 	0.901960784314
28 	18 	0.608695652174
20 	6 	0.769230769231
22 	13 	0.628571428571
52 	4 	0.928571428571
7 	8 	0.466666666667
31 	21 	0.596153846154
35 	46 	0.432098765432
18 	18 	0.5
20 	26 	0.434782608696
27 	1 	0.964285714286
81 	80 	0.503105590062
101 	39 	0.721428571429
15 	15 	0.5
77 	2 	0.974683544304
338 	5 	0.985422740525
22 	21 	0.511627906977
