25 	23 	0.520833333333
6 	6 	0.5
20 	11 	0.645161290323
20 	17 	0.540540540541
105 	69 	0.603448275862
27 	2 	0.931034482759
37 	23 	0.616666666667
55 	66 	0.454545454545
12 	25 	0.324324324324
24 	10 	0.705882352941
99 	91 	0.521052631579
10 	12 	0.454545454545
26 	7 	0.787878787879
85 	63 	0.574324324324
64 	20 	0.761904761905
43 	29 	0.597222222222
12 	4 	0.75
81 	31 	0.723214285714
86 	46 	0.651515151515
36 	14 	0.72
40 	23 	0.634920634921
120 	69 	0.634920634921
59 	15 	0.797297297297
12 	5 	0.705882352941
44 	23 	0.65671641791
59 	29 	0.670454545455
89 	23 	0.794642857143
10 	10 	0.5
23 	17 	0.575
25 	29 	0.462962962963
17 	15 	0.53125
29 	16 	0.644444444444
24 	8 	0.75
35 	31 	0.530303030303
94 	61 	0.606451612903
53 	25 	0.679487179487
60 	47 	0.560747663551
36 	16 	0.692307692308
9 	10 	0.473684210526
14 	21 	0.4
26 	25 	0.509803921569
97 	26 	0.788617886179
34 	24 	0.586206896552
512 	49 	0.91265597148
6 	11 	0.352941176471
131 	31 	0.808641975309
75 	125 	0.375
27 	6 	0.818181818182
100 	23 	0.813008130081
93 	29 	0.762295081967
65 	34 	0.656565656566
43 	27 	0.614285714286
14 	6 	0.7
177 	30 	0.855072463768
36 	24 	0.6
56 	14 	0.8
526 	339 	0.608092485549
48 	63 	0.432432432432
106 	37 	0.741258741259
7 	20 	0.259259259259
50 	13 	0.793650793651
67 	29 	0.697916666667
50 	31 	0.617283950617
214 	118 	0.644578313253
140 	47 	0.748663101604
125 	39 	0.762195121951
15 	8 	0.652173913043
13 	19 	0.40625
32 	11 	0.744186046512
29 	21 	0.58
13 	3 	0.8125
18 	9 	0.666666666667
63 	7 	0.9
54 	30 	0.642857142857
35 	11 	0.760869565217
16 	1 	0.941176470588
15 	3 	0.833333333333
38 	13 	0.745098039216
15 	13 	0.535714285714
68 	58 	0.539682539683
78 	60 	0.565217391304
13 	5 	0.722222222222
11 	17 	0.392857142857
46 	5 	0.901960784314
35 	11 	0.760869565217
20 	6 	0.769230769231
25 	10 	0.714285714286
52 	4 	0.928571428571
4 	11 	0.266666666667
37 	15 	0.711538461538
40 	41 	0.493827160494
22 	14 	0.611111111111
27 	19 	0.586956521739
27 	1 	0.964285714286
85 	76 	0.527950310559
102 	38 	0.728571428571
21 	9 	0.7
77 	2 	0.974683544304
338 	5 	0.985422740525
26 	17 	0.604651162791
