23 	25 	0.479166666667
8 	4 	0.666666666667
19 	12 	0.612903225806
22 	15 	0.594594594595
108 	66 	0.620689655172
27 	2 	0.931034482759
42 	18 	0.7
66 	55 	0.545454545455
14 	23 	0.378378378378
22 	12 	0.647058823529
127 	63 	0.668421052632
11 	11 	0.5
25 	8 	0.757575757576
94 	54 	0.635135135135
65 	19 	0.77380952381
49 	23 	0.680555555556
13 	3 	0.8125
72 	40 	0.642857142857
87 	45 	0.659090909091
42 	8 	0.84
47 	16 	0.746031746032
116 	73 	0.613756613757
62 	12 	0.837837837838
12 	5 	0.705882352941
46 	21 	0.686567164179
63 	25 	0.715909090909
89 	23 	0.794642857143
9 	11 	0.45
24 	16 	0.6
26 	28 	0.481481481481
18 	14 	0.5625
25 	20 	0.555555555556
22 	10 	0.6875
32 	34 	0.484848484848
114 	41 	0.735483870968
57 	21 	0.730769230769
63 	44 	0.588785046729
41 	11 	0.788461538462
10 	9 	0.526315789474
18 	17 	0.514285714286
30 	21 	0.588235294118
97 	26 	0.788617886179
33 	25 	0.568965517241
536 	25 	0.955436720143
11 	6 	0.647058823529
130 	32 	0.802469135802
83 	117 	0.415
25 	8 	0.757575757576
99 	24 	0.80487804878
100 	22 	0.819672131148
62 	37 	0.626262626263
42 	28 	0.6
9 	11 	0.45
177 	30 	0.855072463768
39 	21 	0.65
56 	14 	0.8
559 	306 	0.646242774566
48 	63 	0.432432432432
114 	29 	0.797202797203
10 	17 	0.37037037037
50 	13 	0.793650793651
66 	30 	0.6875
52 	29 	0.641975308642
215 	117 	0.647590361446
152 	35 	0.812834224599
137 	27 	0.835365853659
15 	8 	0.652173913043
16 	16 	0.5
33 	10 	0.767441860465
31 	19 	0.62
13 	3 	0.8125
16 	11 	0.592592592593
63 	7 	0.9
56 	28 	0.666666666667
33 	13 	0.717391304348
16 	1 	0.941176470588
15 	3 	0.833333333333
41 	10 	0.803921568627
15 	13 	0.535714285714
77 	49 	0.611111111111
95 	43 	0.688405797101
14 	4 	0.777777777778
18 	10 	0.642857142857
46 	5 	0.901960784314
35 	11 	0.760869565217
20 	6 	0.769230769231
25 	10 	0.714285714286
52 	4 	0.928571428571
5 	10 	0.333333333333
35 	17 	0.673076923077
45 	36 	0.555555555556
23 	13 	0.638888888889
28 	18 	0.608695652174
27 	1 	0.964285714286
97 	64 	0.60248447205
110 	30 	0.785714285714
18 	12 	0.6
77 	2 	0.974683544304
338 	5 	0.985422740525
30 	13 	0.697674418605
