26 	22 	0.541666666667
6 	6 	0.5
20 	11 	0.645161290323
22 	15 	0.594594594595
85 	89 	0.488505747126
26 	3 	0.896551724138
37 	23 	0.616666666667
40 	81 	0.330578512397
19 	18 	0.513513513514
18 	16 	0.529411764706
77 	113 	0.405263157895
9 	13 	0.409090909091
22 	11 	0.666666666667
64 	84 	0.432432432432
57 	27 	0.678571428571
45 	27 	0.625
11 	5 	0.6875
66 	46 	0.589285714286
69 	63 	0.522727272727
34 	16 	0.68
39 	24 	0.619047619048
112 	77 	0.592592592593
47 	27 	0.635135135135
9 	8 	0.529411764706
39 	28 	0.582089552239
69 	19 	0.784090909091
85 	27 	0.758928571429
9 	11 	0.45
16 	24 	0.4
20 	34 	0.37037037037
18 	14 	0.5625
22 	23 	0.488888888889
23 	9 	0.71875
27 	39 	0.409090909091
75 	80 	0.483870967742
56 	22 	0.717948717949
55 	52 	0.514018691589
35 	17 	0.673076923077
9 	10 	0.473684210526
12 	23 	0.342857142857
28 	23 	0.549019607843
85 	38 	0.691056910569
32 	26 	0.551724137931
506 	55 	0.901960784314
8 	9 	0.470588235294
117 	45 	0.722222222222
70 	130 	0.35
27 	6 	0.818181818182
87 	36 	0.707317073171
80 	42 	0.655737704918
43 	56 	0.434343434343
44 	26 	0.628571428571
13 	7 	0.65
173 	34 	0.835748792271
27 	33 	0.45
49 	21 	0.7
493 	372 	0.569942196532
22 	89 	0.198198198198
94 	49 	0.657342657343
2 	25 	0.0740740740741
42 	21 	0.666666666667
61 	35 	0.635416666667
53 	28 	0.654320987654
187 	145 	0.563253012048
132 	55 	0.705882352941
117 	47 	0.713414634146
18 	5 	0.782608695652
9 	23 	0.28125
20 	23 	0.46511627907
26 	24 	0.52
13 	3 	0.8125
14 	13 	0.518518518519
62 	8 	0.885714285714
58 	26 	0.690476190476
31 	15 	0.673913043478
16 	1 	0.941176470588
16 	2 	0.888888888889
28 	23 	0.549019607843
13 	15 	0.464285714286
63 	63 	0.5
90 	48 	0.652173913043
11 	7 	0.611111111111
10 	18 	0.357142857143
46 	5 	0.901960784314
34 	12 	0.739130434783
18 	8 	0.692307692308
22 	13 	0.628571428571
50 	6 	0.892857142857
6 	9 	0.4
34 	18 	0.653846153846
23 	58 	0.283950617284
18 	18 	0.5
24 	22 	0.521739130435
27 	1 	0.964285714286
78 	83 	0.484472049689
94 	46 	0.671428571429
16 	14 	0.533333333333
77 	2 	0.974683544304
337 	6 	0.98250728863
21 	22 	0.488372093023
