22 	26 	0.458333333333
17 	14 	0.548387096774
23 	14 	0.621621621622
78 	96 	0.448275862069
27 	2 	0.931034482759
21 	39 	0.35
49 	72 	0.404958677686
18 	19 	0.486486486486
16 	18 	0.470588235294
102 	88 	0.536842105263
7 	15 	0.318181818182
19 	14 	0.575757575758
74 	74 	0.5
61 	23 	0.72619047619
47 	25 	0.652777777778
64 	48 	0.571428571429
82 	50 	0.621212121212
35 	15 	0.7
44 	19 	0.698412698413
107 	82 	0.566137566138
39 	35 	0.527027027027
12 	5 	0.705882352941
39 	28 	0.582089552239
59 	29 	0.670454545455
90 	22 	0.803571428571
10 	10 	0.5
23 	17 	0.575
27 	27 	0.5
13 	19 	0.40625
25 	20 	0.555555555556
18 	14 	0.5625
33 	33 	0.5
86 	69 	0.554838709677
53 	25 	0.679487179487
57 	50 	0.532710280374
31 	21 	0.596153846154
3 	16 	0.157894736842
17 	18 	0.485714285714
31 	20 	0.607843137255
90 	33 	0.731707317073
31 	27 	0.534482758621
513 	48 	0.914438502674
13 	4 	0.764705882353
123 	39 	0.759259259259
73 	127 	0.365
20 	13 	0.606060606061
88 	35 	0.715447154472
93 	29 	0.762295081967
46 	53 	0.464646464646
33 	37 	0.471428571429
8 	12 	0.4
177 	30 	0.855072463768
20 	40 	0.333333333333
53 	17 	0.757142857143
497 	368 	0.574566473988
36 	75 	0.324324324324
100 	43 	0.699300699301
10 	17 	0.37037037037
43 	20 	0.68253968254
63 	33 	0.65625
41 	40 	0.506172839506
184 	148 	0.55421686747
130 	57 	0.695187165775
104 	60 	0.634146341463
11 	12 	0.478260869565
13 	19 	0.40625
23 	20 	0.53488372093
20 	30 	0.4
9 	18 	0.333333333333
63 	7 	0.9
48 	36 	0.571428571429
21 	25 	0.45652173913
16 	1 	0.941176470588
15 	3 	0.833333333333
23 	28 	0.450980392157
8 	20 	0.285714285714
65 	61 	0.515873015873
82 	56 	0.594202898551
11 	7 	0.611111111111
11 	17 	0.392857142857
46 	5 	0.901960784314
28 	18 	0.608695652174
20 	6 	0.769230769231
22 	13 	0.628571428571
52 	4 	0.928571428571
35 	17 	0.673076923077
32 	49 	0.395061728395
11 	25 	0.305555555556
22 	24 	0.478260869565
27 	1 	0.964285714286
78 	83 	0.484472049689
104 	36 	0.742857142857
16 	14 	0.533333333333
77 	2 	0.974683544304
338 	5 	0.985422740525
14 	29 	0.325581395349
