27 	21 	0.5625
6 	6 	0.5
17 	14 	0.548387096774
22 	15 	0.594594594595
70 	104 	0.402298850575
27 	2 	0.931034482759
30 	30 	0.5
47 	74 	0.388429752066
20 	17 	0.540540540541
17 	17 	0.5
91 	99 	0.478947368421
9 	13 	0.409090909091
22 	11 	0.666666666667
74 	74 	0.5
60 	24 	0.714285714286
44 	28 	0.611111111111
14 	2 	0.875
71 	41 	0.633928571429
81 	51 	0.613636363636
30 	20 	0.6
42 	21 	0.666666666667
94 	95 	0.497354497354
45 	29 	0.608108108108
10 	7 	0.588235294118
45 	22 	0.671641791045
62 	26 	0.704545454545
92 	20 	0.821428571429
10 	10 	0.5
20 	20 	0.5
29 	25 	0.537037037037
14 	18 	0.4375
22 	23 	0.488888888889
24 	8 	0.75
22 	44 	0.333333333333
91 	64 	0.587096774194
55 	23 	0.705128205128
53 	54 	0.495327102804
42 	10 	0.807692307692
8 	11 	0.421052631579
16 	19 	0.457142857143
31 	20 	0.607843137255
89 	34 	0.723577235772
34 	24 	0.586206896552
513 	48 	0.914438502674
12 	5 	0.705882352941
123 	39 	0.759259259259
62 	138 	0.31
25 	8 	0.757575757576
92 	31 	0.747967479675
85 	37 	0.696721311475
49 	50 	0.494949494949
37 	33 	0.528571428571
11 	9 	0.55
179 	28 	0.864734299517
24 	36 	0.4
51 	19 	0.728571428571
529 	336 	0.611560693642
28 	83 	0.252252252252
111 	32 	0.776223776224
7 	20 	0.259259259259
45 	18 	0.714285714286
66 	30 	0.6875
49 	32 	0.604938271605
174 	158 	0.524096385542
134 	53 	0.716577540107
104 	60 	0.634146341463
14 	9 	0.608695652174
12 	20 	0.375
22 	21 	0.511627906977
18 	32 	0.36
13 	3 	0.8125
17 	10 	0.62962962963
63 	7 	0.9
53 	31 	0.630952380952
27 	19 	0.586956521739
16 	1 	0.941176470588
15 	3 	0.833333333333
30 	21 	0.588235294118
16 	12 	0.571428571429
60 	66 	0.47619047619
74 	64 	0.536231884058
12 	6 	0.666666666667
9 	19 	0.321428571429
46 	5 	0.901960784314
32 	14 	0.695652173913
20 	6 	0.769230769231
17 	18 	0.485714285714
53 	3 	0.946428571429
3 	12 	0.2
36 	16 	0.692307692308
32 	49 	0.395061728395
17 	19 	0.472222222222
23 	23 	0.5
27 	1 	0.964285714286
87 	74 	0.540372670807
96 	44 	0.685714285714
17 	13 	0.566666666667
77 	2 	0.974683544304
337 	6 	0.98250728863
23 	20 	0.53488372093
