24 	24 	0.5
5 	7 	0.416666666667
15 	16 	0.483870967742
16 	21 	0.432432432432
73 	101 	0.419540229885
27 	2 	0.931034482759
25 	35 	0.416666666667
45 	76 	0.371900826446
16 	21 	0.432432432432
14 	20 	0.411764705882
92 	98 	0.484210526316
7 	15 	0.318181818182
19 	14 	0.575757575758
62 	86 	0.418918918919
59 	25 	0.702380952381
47 	25 	0.652777777778
13 	3 	0.8125
68 	44 	0.607142857143
79 	53 	0.598484848485
33 	17 	0.66
40 	23 	0.634920634921
105 	84 	0.555555555556
37 	37 	0.5
10 	7 	0.588235294118
37 	30 	0.55223880597
66 	22 	0.75
89 	23 	0.794642857143
8 	12 	0.4
20 	20 	0.5
27 	27 	0.5
10 	22 	0.3125
27 	18 	0.6
15 	17 	0.46875
32 	34 	0.484848484848
77 	78 	0.496774193548
52 	26 	0.666666666667
55 	52 	0.514018691589
34 	18 	0.653846153846
7 	12 	0.368421052632
18 	17 	0.514285714286
32 	19 	0.627450980392
95 	28 	0.772357723577
27 	31 	0.465517241379
510 	51 	0.909090909091
10 	7 	0.588235294118
122 	40 	0.753086419753
80 	120 	0.4
22 	11 	0.666666666667
88 	35 	0.715447154472
95 	27 	0.77868852459
47 	52 	0.474747474747
33 	37 	0.471428571429
9 	11 	0.45
177 	30 	0.855072463768
20 	40 	0.333333333333
52 	18 	0.742857142857
469 	396 	0.542196531792
30 	81 	0.27027027027
101 	42 	0.706293706294
9 	18 	0.333333333333
41 	22 	0.650793650794
59 	37 	0.614583333333
40 	41 	0.493827160494
179 	153 	0.539156626506
128 	59 	0.68449197861
105 	59 	0.640243902439
11 	12 	0.478260869565
9 	23 	0.28125
21 	22 	0.488372093023
26 	24 	0.52
14 	2 	0.875
10 	17 	0.37037037037
63 	7 	0.9
44 	40 	0.52380952381
25 	21 	0.54347826087
16 	1 	0.941176470588
15 	3 	0.833333333333
27 	24 	0.529411764706
6 	22 	0.214285714286
73 	53 	0.579365079365
83 	55 	0.601449275362
10 	8 	0.555555555556
10 	18 	0.357142857143
46 	5 	0.901960784314
26 	20 	0.565217391304
20 	6 	0.769230769231
23 	12 	0.657142857143
52 	4 	0.928571428571
6 	9 	0.4
36 	16 	0.692307692308
29 	52 	0.358024691358
11 	25 	0.305555555556
16 	30 	0.347826086957
27 	1 	0.964285714286
78 	83 	0.484472049689
107 	33 	0.764285714286
14 	16 	0.466666666667
77 	2 	0.974683544304
338 	5 	0.985422740525
15 	28 	0.348837209302
