23 	25 	0.479166666667
5 	7 	0.416666666667
16 	15 	0.516129032258
17 	20 	0.459459459459
72 	102 	0.413793103448
27 	2 	0.931034482759
27 	33 	0.45
45 	76 	0.371900826446
18 	19 	0.486486486486
15 	19 	0.441176470588
98 	92 	0.515789473684
6 	16 	0.272727272727
19 	14 	0.575757575758
65 	83 	0.439189189189
60 	24 	0.714285714286
47 	25 	0.652777777778
12 	4 	0.75
69 	43 	0.616071428571
80 	52 	0.606060606061
34 	16 	0.68
40 	23 	0.634920634921
108 	81 	0.571428571429
38 	36 	0.513513513514
11 	6 	0.647058823529
37 	30 	0.55223880597
64 	24 	0.727272727273
89 	23 	0.794642857143
8 	12 	0.4
22 	18 	0.55
27 	27 	0.5
10 	22 	0.3125
27 	18 	0.6
15 	17 	0.46875
35 	31 	0.530303030303
76 	79 	0.490322580645
53 	25 	0.679487179487
54 	53 	0.504672897196
34 	18 	0.653846153846
6 	13 	0.315789473684
18 	17 	0.514285714286
31 	20 	0.607843137255
97 	26 	0.788617886179
27 	31 	0.465517241379
510 	51 	0.909090909091
10 	7 	0.588235294118
122 	40 	0.753086419753
78 	122 	0.39
21 	12 	0.636363636364
85 	38 	0.691056910569
95 	27 	0.77868852459
46 	53 	0.464646464646
35 	35 	0.5
9 	11 	0.45
175 	32 	0.845410628019
23 	37 	0.383333333333
52 	18 	0.742857142857
482 	383 	0.557225433526
31 	80 	0.279279279279
98 	45 	0.685314685315
9 	18 	0.333333333333
41 	22 	0.650793650794
58 	38 	0.604166666667
40 	41 	0.493827160494
180 	152 	0.542168674699
128 	59 	0.68449197861
107 	57 	0.65243902439
11 	12 	0.478260869565
7 	25 	0.21875
21 	22 	0.488372093023
24 	26 	0.48
14 	2 	0.875
9 	18 	0.333333333333
63 	7 	0.9
46 	38 	0.547619047619
27 	19 	0.586956521739
16 	1 	0.941176470588
15 	3 	0.833333333333
28 	23 	0.549019607843
6 	22 	0.214285714286
70 	56 	0.555555555556
85 	53 	0.615942028986
10 	8 	0.555555555556
9 	19 	0.321428571429
46 	5 	0.901960784314
27 	19 	0.586956521739
20 	6 	0.769230769231
25 	10 	0.714285714286
52 	4 	0.928571428571
6 	9 	0.4
36 	16 	0.692307692308
29 	52 	0.358024691358
11 	25 	0.305555555556
16 	30 	0.347826086957
27 	1 	0.964285714286
80 	81 	0.496894409938
105 	35 	0.75
14 	16 	0.466666666667
77 	2 	0.974683544304
338 	5 	0.985422740525
14 	29 	0.325581395349
