21 	27 	0.4375
17 	14 	0.548387096774
21 	16 	0.567567567568
77 	97 	0.442528735632
27 	2 	0.931034482759
27 	33 	0.45
49 	72 	0.404958677686
18 	19 	0.486486486486
17 	17 	0.5
103 	87 	0.542105263158
9 	13 	0.409090909091
19 	14 	0.575757575758
70 	78 	0.472972972973
60 	24 	0.714285714286
46 	26 	0.638888888889
66 	46 	0.589285714286
85 	47 	0.643939393939
33 	17 	0.66
45 	18 	0.714285714286
106 	83 	0.560846560847
44 	30 	0.594594594595
12 	5 	0.705882352941
34 	33 	0.507462686567
63 	25 	0.715909090909
90 	22 	0.803571428571
12 	8 	0.6
22 	18 	0.55
30 	24 	0.555555555556
15 	17 	0.46875
28 	17 	0.622222222222
15 	17 	0.46875
31 	35 	0.469696969697
86 	69 	0.554838709677
53 	25 	0.679487179487
54 	53 	0.504672897196
32 	20 	0.615384615385
5 	14 	0.263157894737
18 	17 	0.514285714286
29 	22 	0.56862745098
93 	30 	0.756097560976
31 	27 	0.534482758621
506 	55 	0.901960784314
13 	4 	0.764705882353
120 	42 	0.740740740741
75 	125 	0.375
23 	10 	0.69696969697
90 	33 	0.731707317073
90 	32 	0.737704918033
45 	54 	0.454545454545
40 	30 	0.571428571429
10 	10 	0.5
172 	35 	0.830917874396
23 	37 	0.383333333333
50 	20 	0.714285714286
495 	370 	0.57225433526
30 	81 	0.27027027027
100 	43 	0.699300699301
9 	18 	0.333333333333
41 	22 	0.650793650794
63 	33 	0.65625
40 	41 	0.493827160494
174 	158 	0.524096385542
127 	60 	0.679144385027
103 	61 	0.628048780488
11 	12 	0.478260869565
10 	22 	0.3125
22 	21 	0.511627906977
22 	28 	0.44
11 	16 	0.407407407407
63 	7 	0.9
53 	31 	0.630952380952
27 	19 	0.586956521739
16 	1 	0.941176470588
15 	3 	0.833333333333
25 	26 	0.490196078431
10 	18 	0.357142857143
70 	56 	0.555555555556
82 	56 	0.594202898551
11 	7 	0.611111111111
13 	15 	0.464285714286
46 	5 	0.901960784314
30 	16 	0.652173913043
20 	6 	0.769230769231
21 	14 	0.6
52 	4 	0.928571428571
36 	16 	0.692307692308
27 	54 	0.333333333333
15 	21 	0.416666666667
23 	23 	0.5
27 	1 	0.964285714286
81 	80 	0.503105590062
101 	39 	0.721428571429
16 	14 	0.533333333333
77 	2 	0.974683544304
338 	5 	0.985422740525
16 	27 	0.372093023256
