23 	25 	0.479166666667
18 	13 	0.58064516129
23 	14 	0.621621621622
78 	96 	0.448275862069
27 	2 	0.931034482759
25 	35 	0.416666666667
48 	73 	0.396694214876
20 	17 	0.540540540541
17 	17 	0.5
101 	89 	0.531578947368
4 	18 	0.181818181818
20 	13 	0.606060606061
69 	79 	0.466216216216
62 	22 	0.738095238095
48 	24 	0.666666666667
65 	47 	0.580357142857
83 	49 	0.628787878788
32 	18 	0.64
44 	19 	0.698412698413
103 	86 	0.544973544974
39 	35 	0.527027027027
12 	5 	0.705882352941
33 	34 	0.492537313433
60 	28 	0.681818181818
89 	23 	0.794642857143
10 	10 	0.5
22 	18 	0.55
27 	27 	0.5
11 	21 	0.34375
28 	17 	0.622222222222
18 	14 	0.5625
33 	33 	0.5
88 	67 	0.567741935484
55 	23 	0.705128205128
54 	53 	0.504672897196
30 	22 	0.576923076923
8 	11 	0.421052631579
18 	17 	0.514285714286
32 	19 	0.627450980392
92 	31 	0.747967479675
30 	28 	0.51724137931
511 	50 	0.910873440285
13 	4 	0.764705882353
122 	40 	0.753086419753
75 	125 	0.375
18 	15 	0.545454545455
92 	31 	0.747967479675
93 	29 	0.762295081967
47 	52 	0.474747474747
36 	34 	0.514285714286
8 	12 	0.4
176 	31 	0.850241545894
24 	36 	0.4
52 	18 	0.742857142857
497 	368 	0.574566473988
32 	79 	0.288288288288
94 	49 	0.657342657343
7 	20 	0.259259259259
42 	21 	0.666666666667
65 	31 	0.677083333333
39 	42 	0.481481481481
184 	148 	0.55421686747
132 	55 	0.705882352941
103 	61 	0.628048780488
11 	12 	0.478260869565
11 	21 	0.34375
22 	21 	0.511627906977
22 	28 	0.44
9 	18 	0.333333333333
63 	7 	0.9
46 	38 	0.547619047619
24 	22 	0.521739130435
16 	1 	0.941176470588
15 	3 	0.833333333333
25 	26 	0.490196078431
9 	19 	0.321428571429
70 	56 	0.555555555556
84 	54 	0.608695652174
11 	7 	0.611111111111
11 	17 	0.392857142857
46 	5 	0.901960784314
30 	16 	0.652173913043
20 	6 	0.769230769231
22 	13 	0.628571428571
52 	4 	0.928571428571
36 	16 	0.692307692308
32 	49 	0.395061728395
17 	19 	0.472222222222
22 	24 	0.478260869565
27 	1 	0.964285714286
80 	81 	0.496894409938
107 	33 	0.764285714286
16 	14 	0.533333333333
77 	2 	0.974683544304
338 	5 	0.985422740525
17 	26 	0.395348837209
