21 	27 	0.4375
6 	6 	0.5
20 	11 	0.645161290323
24 	13 	0.648648648649
91 	83 	0.522988505747
27 	2 	0.931034482759
31 	29 	0.516666666667
42 	79 	0.347107438017
14 	23 	0.378378378378
15 	19 	0.441176470588
88 	102 	0.463157894737
9 	13 	0.409090909091
24 	9 	0.727272727273
75 	73 	0.506756756757
58 	26 	0.690476190476
45 	27 	0.625
12 	4 	0.75
70 	42 	0.625
85 	47 	0.643939393939
35 	15 	0.7
41 	22 	0.650793650794
122 	67 	0.645502645503
47 	27 	0.635135135135
12 	5 	0.705882352941
44 	23 	0.65671641791
59 	29 	0.670454545455
87 	25 	0.776785714286
11 	9 	0.55
16 	24 	0.4
26 	28 	0.481481481481
14 	18 	0.4375
20 	25 	0.444444444444
23 	9 	0.71875
31 	35 	0.469696969697
79 	76 	0.509677419355
58 	20 	0.74358974359
52 	55 	0.485981308411
39 	13 	0.75
9 	10 	0.473684210526
14 	21 	0.4
27 	24 	0.529411764706
91 	32 	0.739837398374
36 	22 	0.620689655172
519 	42 	0.92513368984
10 	7 	0.588235294118
124 	38 	0.765432098765
79 	121 	0.395
28 	5 	0.848484848485
90 	33 	0.731707317073
97 	25 	0.795081967213
50 	49 	0.505050505051
43 	27 	0.614285714286
13 	7 	0.65
177 	30 	0.855072463768
27 	33 	0.45
51 	19 	0.728571428571
530 	335 	0.612716763006
30 	81 	0.27027027027
106 	37 	0.741258741259
4 	23 	0.148148148148
41 	22 	0.650793650794
68 	28 	0.708333333333
50 	31 	0.617283950617
214 	118 	0.644578313253
140 	47 	0.748663101604
110 	54 	0.670731707317
18 	5 	0.782608695652
10 	22 	0.3125
22 	21 	0.511627906977
25 	25 	0.5
14 	2 	0.875
16 	11 	0.592592592593
63 	7 	0.9
58 	26 	0.690476190476
25 	21 	0.54347826087
16 	1 	0.941176470588
17 	1 	0.944444444444
36 	15 	0.705882352941
12 	16 	0.428571428571
57 	69 	0.452380952381
86 	52 	0.623188405797
11 	7 	0.611111111111
12 	16 	0.428571428571
46 	5 	0.901960784314
35 	11 	0.760869565217
19 	7 	0.730769230769
25 	10 	0.714285714286
52 	4 	0.928571428571
6 	9 	0.4
33 	19 	0.634615384615
41 	40 	0.506172839506
19 	17 	0.527777777778
21 	25 	0.45652173913
27 	1 	0.964285714286
87 	74 	0.540372670807
100 	40 	0.714285714286
20 	10 	0.666666666667
77 	2 	0.974683544304
338 	5 	0.985422740525
20 	23 	0.46511627907
