22 	26 	0.458333333333
8 	4 	0.666666666667
19 	12 	0.612903225806
23 	14 	0.621621621622
106 	68 	0.609195402299
27 	2 	0.931034482759
40 	20 	0.666666666667
61 	60 	0.504132231405
17 	20 	0.459459459459
21 	13 	0.617647058824
109 	81 	0.573684210526
10 	12 	0.454545454545
25 	8 	0.757575757576
90 	58 	0.608108108108
64 	20 	0.761904761905
51 	21 	0.708333333333
13 	3 	0.8125
74 	38 	0.660714285714
91 	41 	0.689393939394
41 	9 	0.82
46 	17 	0.730158730159
120 	69 	0.634920634921
63 	11 	0.851351351351
12 	5 	0.705882352941
39 	28 	0.582089552239
59 	29 	0.670454545455
91 	21 	0.8125
7 	13 	0.35
25 	15 	0.625
26 	28 	0.481481481481
21 	11 	0.65625
18 	27 	0.4
21 	11 	0.65625
31 	35 	0.469696969697
108 	47 	0.696774193548
54 	24 	0.692307692308
60 	47 	0.560747663551
38 	14 	0.730769230769
9 	10 	0.473684210526
17 	18 	0.485714285714
31 	20 	0.607843137255
93 	30 	0.756097560976
34 	24 	0.586206896552
542 	19 	0.966131907308
11 	6 	0.647058823529
130 	32 	0.802469135802
84 	116 	0.42
26 	7 	0.787878787879
94 	29 	0.764227642276
100 	22 	0.819672131148
65 	34 	0.656565656566
39 	31 	0.557142857143
12 	8 	0.6
176 	31 	0.850241545894
36 	24 	0.6
52 	18 	0.742857142857
541 	324 	0.625433526012
50 	61 	0.45045045045
109 	34 	0.762237762238
9 	18 	0.333333333333
46 	17 	0.730158730159
69 	27 	0.71875
50 	31 	0.617283950617
216 	116 	0.650602409639
156 	31 	0.83422459893
130 	34 	0.792682926829
15 	8 	0.652173913043
13 	19 	0.40625
28 	15 	0.651162790698
29 	21 	0.58
13 	3 	0.8125
17 	10 	0.62962962963
63 	7 	0.9
54 	30 	0.642857142857
35 	11 	0.760869565217
16 	1 	0.941176470588
15 	3 	0.833333333333
37 	14 	0.725490196078
16 	12 	0.571428571429
74 	52 	0.587301587302
83 	55 	0.601449275362
14 	4 	0.777777777778
16 	12 	0.571428571429
46 	5 	0.901960784314
34 	12 	0.739130434783
20 	6 	0.769230769231
24 	11 	0.685714285714
52 	4 	0.928571428571
7 	8 	0.466666666667
35 	17 	0.673076923077
39 	42 	0.481481481481
21 	15 	0.583333333333
26 	20 	0.565217391304
27 	1 	0.964285714286
88 	73 	0.546583850932
104 	36 	0.742857142857
18 	12 	0.6
77 	2 	0.974683544304
338 	5 	0.985422740525
28 	15 	0.651162790698
