20 	28 	0.416666666667
6 	6 	0.5
11 	20 	0.354838709677
15 	22 	0.405405405405
68 	106 	0.390804597701
27 	2 	0.931034482759
21 	39 	0.35
45 	76 	0.371900826446
14 	23 	0.378378378378
16 	18 	0.470588235294
83 	107 	0.436842105263
8 	14 	0.363636363636
15 	18 	0.454545454545
57 	91 	0.385135135135
57 	27 	0.678571428571
44 	28 	0.611111111111
11 	5 	0.6875
72 	40 	0.642857142857
67 	65 	0.507575757576
28 	22 	0.56
39 	24 	0.619047619048
91 	98 	0.481481481481
38 	36 	0.513513513514
10 	7 	0.588235294118
35 	32 	0.522388059701
64 	24 	0.727272727273
88 	24 	0.785714285714
8 	12 	0.4
20 	20 	0.5
21 	33 	0.388888888889
9 	23 	0.28125
25 	20 	0.555555555556
13 	19 	0.40625
30 	36 	0.454545454545
76 	79 	0.490322580645
52 	26 	0.666666666667
59 	48 	0.551401869159
33 	19 	0.634615384615
4 	15 	0.210526315789
14 	21 	0.4
30 	21 	0.588235294118
91 	32 	0.739837398374
25 	33 	0.431034482759
509 	52 	0.907308377897
10 	7 	0.588235294118
121 	41 	0.746913580247
82 	118 	0.41
22 	11 	0.666666666667
86 	37 	0.69918699187
85 	37 	0.696721311475
52 	47 	0.525252525253
29 	41 	0.414285714286
7 	13 	0.35
172 	35 	0.830917874396
23 	37 	0.383333333333
53 	17 	0.757142857143
467 	398 	0.539884393064
28 	83 	0.252252252252
105 	38 	0.734265734266
10 	17 	0.37037037037
39 	24 	0.619047619048
59 	37 	0.614583333333
42 	39 	0.518518518519
172 	160 	0.518072289157
130 	57 	0.695187165775
98 	66 	0.59756097561
11 	12 	0.478260869565
10 	22 	0.3125
21 	22 	0.488372093023
26 	24 	0.52
14 	2 	0.875
13 	14 	0.481481481481
62 	8 	0.885714285714
42 	42 	0.5
28 	18 	0.608695652174
16 	1 	0.941176470588
15 	3 	0.833333333333
25 	26 	0.490196078431
8 	20 	0.285714285714
71 	55 	0.563492063492
77 	61 	0.557971014493
10 	8 	0.555555555556
5 	23 	0.178571428571
46 	5 	0.901960784314
27 	19 	0.586956521739
19 	7 	0.730769230769
24 	11 	0.685714285714
50 	6 	0.892857142857
6 	9 	0.4
35 	17 	0.673076923077
22 	59 	0.271604938272
9 	27 	0.25
18 	28 	0.391304347826
27 	1 	0.964285714286
80 	81 	0.496894409938
103 	37 	0.735714285714
12 	18 	0.4
77 	2 	0.974683544304
337 	6 	0.98250728863
12 	31 	0.279069767442
