23 	25 	0.479166666667
8 	4 	0.666666666667
19 	12 	0.612903225806
22 	15 	0.594594594595
107 	67 	0.614942528736
27 	2 	0.931034482759
38 	22 	0.633333333333
58 	63 	0.479338842975
15 	22 	0.405405405405
20 	14 	0.588235294118
116 	74 	0.610526315789
10 	12 	0.454545454545
23 	10 	0.69696969697
89 	59 	0.601351351351
63 	21 	0.75
47 	25 	0.652777777778
13 	3 	0.8125
73 	39 	0.651785714286
91 	41 	0.689393939394
41 	9 	0.82
46 	17 	0.730158730159
121 	68 	0.640211640212
61 	13 	0.824324324324
12 	5 	0.705882352941
44 	23 	0.65671641791
59 	29 	0.670454545455
90 	22 	0.803571428571
10 	10 	0.5
23 	17 	0.575
24 	30 	0.444444444444
22 	10 	0.6875
20 	25 	0.444444444444
21 	11 	0.65625
33 	33 	0.5
116 	39 	0.748387096774
50 	28 	0.641025641026
60 	47 	0.560747663551
37 	15 	0.711538461538
7 	12 	0.368421052632
15 	20 	0.428571428571
32 	19 	0.627450980392
93 	30 	0.756097560976
32 	26 	0.551724137931
543 	18 	0.967914438503
11 	6 	0.647058823529
132 	30 	0.814814814815
86 	114 	0.43
21 	12 	0.636363636364
92 	31 	0.747967479675
97 	25 	0.795081967213
66 	33 	0.666666666667
43 	27 	0.614285714286
8 	12 	0.4
175 	32 	0.845410628019
35 	25 	0.583333333333
55 	15 	0.785714285714
555 	310 	0.64161849711
49 	62 	0.441441441441
111 	32 	0.776223776224
4 	23 	0.148148148148
51 	12 	0.809523809524
64 	32 	0.666666666667
53 	28 	0.654320987654
218 	114 	0.656626506024
153 	34 	0.818181818182
127 	37 	0.774390243902
12 	11 	0.521739130435
11 	21 	0.34375
31 	12 	0.720930232558
31 	19 	0.62
13 	3 	0.8125
15 	12 	0.555555555556
62 	8 	0.885714285714
55 	29 	0.654761904762
33 	13 	0.717391304348
16 	1 	0.941176470588
15 	3 	0.833333333333
34 	17 	0.666666666667
16 	12 	0.571428571429
72 	54 	0.571428571429
87 	51 	0.630434782609
14 	4 	0.777777777778
13 	15 	0.464285714286
46 	5 	0.901960784314
33 	13 	0.717391304348
20 	6 	0.769230769231
21 	14 	0.6
52 	4 	0.928571428571
4 	11 	0.266666666667
34 	18 	0.653846153846
39 	42 	0.481481481481
22 	14 	0.611111111111
27 	19 	0.586956521739
27 	1 	0.964285714286
99 	62 	0.614906832298
107 	33 	0.764285714286
19 	11 	0.633333333333
77 	2 	0.974683544304
338 	5 	0.985422740525
27 	16 	0.627906976744
