22 	26 	0.458333333333
18 	13 	0.58064516129
23 	14 	0.621621621622
106 	68 	0.609195402299
27 	2 	0.931034482759
37 	23 	0.616666666667
59 	62 	0.487603305785
18 	19 	0.486486486486
18 	16 	0.529411764706
121 	69 	0.636842105263
9 	13 	0.409090909091
23 	10 	0.69696969697
96 	52 	0.648648648649
65 	19 	0.77380952381
47 	25 	0.652777777778
74 	38 	0.660714285714
89 	43 	0.674242424242
37 	13 	0.74
46 	17 	0.730158730159
123 	66 	0.650793650794
56 	18 	0.756756756757
12 	5 	0.705882352941
45 	22 	0.671641791045
66 	22 	0.75
88 	24 	0.785714285714
8 	12 	0.4
25 	15 	0.625
27 	27 	0.5
21 	11 	0.65625
22 	23 	0.488888888889
23 	9 	0.71875
33 	33 	0.5
109 	46 	0.703225806452
57 	21 	0.730769230769
63 	44 	0.588785046729
39 	13 	0.75
8 	11 	0.421052631579
16 	19 	0.457142857143
29 	22 	0.56862745098
92 	31 	0.747967479675
33 	25 	0.568965517241
541 	20 	0.964349376114
11 	6 	0.647058823529
128 	34 	0.79012345679
90 	110 	0.45
27 	6 	0.818181818182
93 	30 	0.756097560976
98 	24 	0.803278688525
64 	35 	0.646464646465
40 	30 	0.571428571429
9 	11 	0.45
181 	26 	0.874396135266
43 	17 	0.716666666667
54 	16 	0.771428571429
560 	305 	0.647398843931
48 	63 	0.432432432432
113 	30 	0.79020979021
8 	19 	0.296296296296
49 	14 	0.777777777778
74 	22 	0.770833333333
53 	28 	0.654320987654
217 	115 	0.653614457831
155 	32 	0.828877005348
130 	34 	0.792682926829
17 	6 	0.739130434783
12 	20 	0.375
27 	16 	0.627906976744
30 	20 	0.6
12 	15 	0.444444444444
63 	7 	0.9
59 	25 	0.702380952381
34 	12 	0.739130434783
16 	1 	0.941176470588
15 	3 	0.833333333333
32 	19 	0.627450980392
15 	13 	0.535714285714
73 	53 	0.579365079365
91 	47 	0.659420289855
11 	7 	0.611111111111
15 	13 	0.535714285714
46 	5 	0.901960784314
36 	10 	0.782608695652
20 	6 	0.769230769231
22 	13 	0.628571428571
52 	4 	0.928571428571
36 	16 	0.692307692308
42 	39 	0.518518518519
15 	21 	0.416666666667
23 	23 	0.5
27 	1 	0.964285714286
101 	60 	0.627329192547
108 	32 	0.771428571429
20 	10 	0.666666666667
77 	2 	0.974683544304
338 	5 	0.985422740525
21 	22 	0.488372093023
