24 	24 	0.5
8 	4 	0.666666666667
20 	11 	0.645161290323
23 	14 	0.621621621622
87 	87 	0.5
27 	2 	0.931034482759
30 	30 	0.5
41 	80 	0.338842975207
16 	21 	0.432432432432
15 	19 	0.441176470588
86 	104 	0.452631578947
10 	12 	0.454545454545
25 	8 	0.757575757576
79 	69 	0.533783783784
55 	29 	0.654761904762
44 	28 	0.611111111111
11 	5 	0.6875
69 	43 	0.616071428571
85 	47 	0.643939393939
31 	19 	0.62
41 	22 	0.650793650794
121 	68 	0.640211640212
50 	24 	0.675675675676
12 	5 	0.705882352941
49 	18 	0.731343283582
55 	33 	0.625
90 	22 	0.803571428571
9 	11 	0.45
18 	22 	0.45
24 	30 	0.444444444444
14 	18 	0.4375
26 	19 	0.577777777778
22 	10 	0.6875
31 	35 	0.469696969697
94 	61 	0.606451612903
54 	24 	0.692307692308
54 	53 	0.504672897196
38 	14 	0.730769230769
9 	10 	0.473684210526
15 	20 	0.428571428571
31 	20 	0.607843137255
95 	28 	0.772357723577
31 	27 	0.534482758621
512 	49 	0.91265597148
6 	11 	0.352941176471
123 	39 	0.759259259259
83 	117 	0.415
28 	5 	0.848484848485
94 	29 	0.764227642276
92 	30 	0.754098360656
55 	44 	0.555555555556
43 	27 	0.614285714286
14 	6 	0.7
176 	31 	0.850241545894
22 	38 	0.366666666667
52 	18 	0.742857142857
516 	349 	0.596531791908
35 	76 	0.315315315315
105 	38 	0.734265734266
10 	17 	0.37037037037
40 	23 	0.634920634921
67 	29 	0.697916666667
50 	31 	0.617283950617
203 	129 	0.611445783133
137 	50 	0.732620320856
119 	45 	0.725609756098
17 	6 	0.739130434783
12 	20 	0.375
25 	18 	0.581395348837
33 	17 	0.66
13 	3 	0.8125
16 	11 	0.592592592593
61 	9 	0.871428571429
54 	30 	0.642857142857
30 	16 	0.652173913043
15 	2 	0.882352941176
15 	3 	0.833333333333
39 	12 	0.764705882353
12 	16 	0.428571428571
51 	75 	0.404761904762
81 	57 	0.586956521739
11 	7 	0.611111111111
13 	15 	0.464285714286
46 	5 	0.901960784314
32 	14 	0.695652173913
19 	7 	0.730769230769
26 	9 	0.742857142857
52 	4 	0.928571428571
7 	8 	0.466666666667
33 	19 	0.634615384615
37 	44 	0.456790123457
22 	14 	0.611111111111
22 	24 	0.478260869565
27 	1 	0.964285714286
73 	88 	0.453416149068
98 	42 	0.7
21 	9 	0.7
77 	2 	0.974683544304
338 	5 	0.985422740525
20 	23 	0.46511627907
