20 	28 	0.416666666667
6 	6 	0.5
20 	11 	0.645161290323
23 	14 	0.621621621622
85 	89 	0.488505747126
27 	2 	0.931034482759
34 	26 	0.566666666667
52 	69 	0.429752066116
17 	20 	0.459459459459
19 	15 	0.558823529412
99 	91 	0.521052631579
8 	14 	0.363636363636
21 	12 	0.636363636364
81 	67 	0.547297297297
59 	25 	0.702380952381
40 	32 	0.555555555556
13 	3 	0.8125
73 	39 	0.651785714286
82 	50 	0.621212121212
35 	15 	0.7
42 	21 	0.666666666667
107 	82 	0.566137566138
49 	25 	0.662162162162
11 	6 	0.647058823529
41 	26 	0.611940298507
72 	16 	0.818181818182
85 	27 	0.758928571429
8 	12 	0.4
19 	21 	0.475
26 	28 	0.481481481481
15 	17 	0.46875
29 	16 	0.644444444444
16 	16 	0.5
34 	32 	0.515151515152
91 	64 	0.587096774194
48 	30 	0.615384615385
46 	61 	0.429906542056
40 	12 	0.769230769231
5 	14 	0.263157894737
18 	17 	0.514285714286
26 	25 	0.509803921569
88 	35 	0.715447154472
31 	27 	0.534482758621
510 	51 	0.909090909091
10 	7 	0.588235294118
121 	41 	0.746913580247
82 	118 	0.41
24 	9 	0.727272727273
91 	32 	0.739837398374
82 	40 	0.672131147541
47 	52 	0.474747474747
46 	24 	0.657142857143
10 	10 	0.5
173 	34 	0.835748792271
28 	32 	0.466666666667
52 	18 	0.742857142857
501 	364 	0.579190751445
32 	79 	0.288288288288
105 	38 	0.734265734266
9 	18 	0.333333333333
47 	16 	0.746031746032
65 	31 	0.677083333333
50 	31 	0.617283950617
186 	146 	0.560240963855
144 	43 	0.770053475936
114 	50 	0.69512195122
7 	16 	0.304347826087
14 	18 	0.4375
20 	23 	0.46511627907
30 	20 	0.6
14 	2 	0.875
14 	13 	0.518518518519
62 	8 	0.885714285714
49 	35 	0.583333333333
31 	15 	0.673913043478
16 	1 	0.941176470588
15 	3 	0.833333333333
32 	19 	0.627450980392
10 	18 	0.357142857143
70 	56 	0.555555555556
79 	59 	0.572463768116
11 	7 	0.611111111111
13 	15 	0.464285714286
46 	5 	0.901960784314
30 	16 	0.652173913043
20 	6 	0.769230769231
24 	11 	0.685714285714
52 	4 	0.928571428571
8 	7 	0.533333333333
35 	17 	0.673076923077
32 	49 	0.395061728395
21 	15 	0.583333333333
25 	21 	0.54347826087
27 	1 	0.964285714286
76 	85 	0.472049689441
100 	40 	0.714285714286
18 	12 	0.6
77 	2 	0.974683544304
338 	5 	0.985422740525
19 	24 	0.441860465116
