22 	26 	0.458333333333
18 	13 	0.58064516129
25 	12 	0.675675675676
120 	54 	0.689655172414
27 	2 	0.931034482759
40 	20 	0.666666666667
68 	53 	0.561983471074
14 	23 	0.378378378378
21 	13 	0.617647058824
121 	69 	0.636842105263
9 	13 	0.409090909091
22 	11 	0.666666666667
105 	43 	0.709459459459
66 	18 	0.785714285714
51 	21 	0.708333333333
72 	40 	0.642857142857
92 	40 	0.69696969697
35 	15 	0.7
46 	17 	0.730158730159
131 	58 	0.693121693122
58 	16 	0.783783783784
12 	5 	0.705882352941
46 	21 	0.686567164179
65 	23 	0.738636363636
94 	18 	0.839285714286
10 	10 	0.5
27 	13 	0.675
30 	24 	0.555555555556
21 	11 	0.65625
26 	19 	0.577777777778
23 	9 	0.71875
33 	33 	0.5
107 	48 	0.690322580645
53 	25 	0.679487179487
65 	42 	0.607476635514
39 	13 	0.75
8 	11 	0.421052631579
16 	19 	0.457142857143
30 	21 	0.588235294118
98 	25 	0.79674796748
34 	24 	0.586206896552
542 	19 	0.966131907308
10 	7 	0.588235294118
130 	32 	0.802469135802
85 	115 	0.425
27 	6 	0.818181818182
97 	26 	0.788617886179
99 	23 	0.811475409836
70 	29 	0.707070707071
40 	30 	0.571428571429
9 	11 	0.45
177 	30 	0.855072463768
39 	21 	0.65
55 	15 	0.785714285714
563 	302 	0.650867052023
52 	59 	0.468468468468
112 	31 	0.783216783217
8 	19 	0.296296296296
50 	13 	0.793650793651
70 	26 	0.729166666667
51 	30 	0.62962962963
217 	115 	0.653614457831
152 	35 	0.812834224599
134 	30 	0.817073170732
15 	8 	0.652173913043
14 	18 	0.4375
34 	9 	0.790697674419
30 	20 	0.6
15 	12 	0.555555555556
63 	7 	0.9
64 	20 	0.761904761905
36 	10 	0.782608695652
16 	1 	0.941176470588
15 	3 	0.833333333333
37 	14 	0.725490196078
15 	13 	0.535714285714
72 	54 	0.571428571429
92 	46 	0.666666666667
11 	7 	0.611111111111
13 	15 	0.464285714286
46 	5 	0.901960784314
36 	10 	0.782608695652
20 	6 	0.769230769231
19 	16 	0.542857142857
52 	4 	0.928571428571
37 	15 	0.711538461538
45 	36 	0.555555555556
19 	17 	0.527777777778
23 	23 	0.5
27 	1 	0.964285714286
107 	54 	0.664596273292
108 	32 	0.771428571429
19 	11 	0.633333333333
77 	2 	0.974683544304
338 	5 	0.985422740525
27 	16 	0.627906976744
