24 	24 	0.5
6 	6 	0.5
17 	14 	0.548387096774
23 	14 	0.621621621622
87 	87 	0.5
27 	2 	0.931034482759
27 	33 	0.45
55 	66 	0.454545454545
19 	18 	0.513513513514
17 	17 	0.5
94 	96 	0.494736842105
8 	14 	0.363636363636
23 	10 	0.69696969697
79 	69 	0.533783783784
63 	21 	0.75
40 	32 	0.555555555556
12 	4 	0.75
66 	46 	0.589285714286
83 	49 	0.628787878788
35 	15 	0.7
40 	23 	0.634920634921
102 	87 	0.539682539683
53 	21 	0.716216216216
11 	6 	0.647058823529
46 	21 	0.686567164179
59 	29 	0.670454545455
87 	25 	0.776785714286
12 	8 	0.6
20 	20 	0.5
32 	22 	0.592592592593
12 	20 	0.375
20 	25 	0.444444444444
21 	11 	0.65625
30 	36 	0.454545454545
87 	68 	0.561290322581
55 	23 	0.705128205128
52 	55 	0.485981308411
35 	17 	0.673076923077
9 	10 	0.473684210526
16 	19 	0.457142857143
29 	22 	0.56862745098
86 	37 	0.69918699187
34 	24 	0.586206896552
510 	51 	0.909090909091
9 	8 	0.529411764706
118 	44 	0.728395061728
82 	118 	0.41
27 	6 	0.818181818182
93 	30 	0.756097560976
95 	27 	0.77868852459
46 	53 	0.464646464646
44 	26 	0.628571428571
13 	7 	0.65
181 	26 	0.874396135266
34 	26 	0.566666666667
50 	20 	0.714285714286
512 	353 	0.591907514451
33 	78 	0.297297297297
106 	37 	0.741258741259
10 	17 	0.37037037037
49 	14 	0.777777777778
65 	31 	0.677083333333
51 	30 	0.62962962963
183 	149 	0.551204819277
132 	55 	0.705882352941
116 	48 	0.707317073171
19 	4 	0.826086956522
11 	21 	0.34375
25 	18 	0.581395348837
23 	27 	0.46
13 	3 	0.8125
14 	13 	0.518518518519
63 	7 	0.9
50 	34 	0.595238095238
35 	11 	0.760869565217
16 	1 	0.941176470588
17 	1 	0.944444444444
32 	19 	0.627450980392
16 	12 	0.571428571429
72 	54 	0.571428571429
79 	59 	0.572463768116
13 	5 	0.722222222222
8 	20 	0.285714285714
46 	5 	0.901960784314
33 	13 	0.717391304348
17 	9 	0.653846153846
22 	13 	0.628571428571
52 	4 	0.928571428571
3 	12 	0.2
35 	17 	0.673076923077
34 	47 	0.41975308642
18 	18 	0.5
23 	23 	0.5
27 	1 	0.964285714286
85 	76 	0.527950310559
103 	37 	0.735714285714
17 	13 	0.566666666667
77 	2 	0.974683544304
338 	5 	0.985422740525
24 	19 	0.558139534884
