23 	25 	0.479166666667
8 	4 	0.666666666667
22 	9 	0.709677419355
23 	14 	0.621621621622
102 	72 	0.586206896552
27 	2 	0.931034482759
39 	21 	0.65
63 	58 	0.520661157025
15 	22 	0.405405405405
20 	14 	0.588235294118
114 	76 	0.6
12 	10 	0.545454545455
25 	8 	0.757575757576
85 	63 	0.574324324324
67 	17 	0.797619047619
48 	24 	0.666666666667
13 	3 	0.8125
71 	41 	0.633928571429
87 	45 	0.659090909091
39 	11 	0.78
44 	19 	0.698412698413
114 	75 	0.603174603175
63 	11 	0.851351351351
12 	5 	0.705882352941
46 	21 	0.686567164179
59 	29 	0.670454545455
87 	25 	0.776785714286
10 	10 	0.5
27 	13 	0.675
26 	28 	0.481481481481
20 	12 	0.625
22 	23 	0.488888888889
22 	10 	0.6875
34 	32 	0.515151515152
105 	50 	0.677419354839
54 	24 	0.692307692308
60 	47 	0.560747663551
38 	14 	0.730769230769
9 	10 	0.473684210526
18 	17 	0.514285714286
32 	19 	0.627450980392
94 	29 	0.764227642276
33 	25 	0.568965517241
537 	24 	0.957219251337
11 	6 	0.647058823529
129 	33 	0.796296296296
83 	117 	0.415
26 	7 	0.787878787879
96 	27 	0.780487804878
105 	17 	0.860655737705
61 	38 	0.616161616162
36 	34 	0.514285714286
12 	8 	0.6
178 	29 	0.859903381643
37 	23 	0.616666666667
53 	17 	0.757142857143
539 	326 	0.623121387283
47 	64 	0.423423423423
112 	31 	0.783216783217
8 	19 	0.296296296296
50 	13 	0.793650793651
68 	28 	0.708333333333
53 	28 	0.654320987654
215 	117 	0.647590361446
151 	36 	0.807486631016
132 	32 	0.80487804878
16 	7 	0.695652173913
14 	18 	0.4375
33 	10 	0.767441860465
30 	20 	0.6
13 	3 	0.8125
18 	9 	0.666666666667
63 	7 	0.9
55 	29 	0.654761904762
31 	15 	0.673913043478
16 	1 	0.941176470588
15 	3 	0.833333333333
40 	11 	0.78431372549
16 	12 	0.571428571429
77 	49 	0.611111111111
81 	57 	0.586956521739
14 	4 	0.777777777778
16 	12 	0.571428571429
46 	5 	0.901960784314
34 	12 	0.739130434783
20 	6 	0.769230769231
21 	14 	0.6
52 	4 	0.928571428571
8 	7 	0.533333333333
35 	17 	0.673076923077
46 	35 	0.567901234568
23 	13 	0.638888888889
19 	27 	0.413043478261
27 	1 	0.964285714286
89 	72 	0.552795031056
104 	36 	0.742857142857
18 	12 	0.6
77 	2 	0.974683544304
338 	5 	0.985422740525
30 	13 	0.697674418605
