25 	23 	0.520833333333
5 	7 	0.416666666667
17 	14 	0.548387096774
19 	18 	0.513513513514
77 	97 	0.442528735632
27 	2 	0.931034482759
36 	24 	0.6
53 	68 	0.438016528926
16 	21 	0.432432432432
16 	18 	0.470588235294
99 	91 	0.521052631579
8 	14 	0.363636363636
23 	10 	0.69696969697
83 	65 	0.560810810811
62 	22 	0.738095238095
45 	27 	0.625
13 	3 	0.8125
74 	38 	0.660714285714
82 	50 	0.621212121212
35 	15 	0.7
44 	19 	0.698412698413
111 	78 	0.587301587302
52 	22 	0.702702702703
12 	5 	0.705882352941
40 	27 	0.597014925373
62 	26 	0.704545454545
93 	19 	0.830357142857
8 	12 	0.4
21 	19 	0.525
27 	27 	0.5
15 	17 	0.46875
29 	16 	0.644444444444
17 	15 	0.53125
36 	30 	0.545454545455
96 	59 	0.61935483871
52 	26 	0.666666666667
46 	61 	0.429906542056
37 	15 	0.711538461538
8 	11 	0.421052631579
16 	19 	0.457142857143
28 	23 	0.549019607843
89 	34 	0.723577235772
33 	25 	0.568965517241
512 	49 	0.91265597148
13 	4 	0.764705882353
124 	38 	0.765432098765
75 	125 	0.375
25 	8 	0.757575757576
95 	28 	0.772357723577
86 	36 	0.704918032787
48 	51 	0.484848484848
37 	33 	0.528571428571
12 	8 	0.6
174 	33 	0.840579710145
27 	33 	0.45
52 	18 	0.742857142857
553 	312 	0.639306358382
41 	70 	0.369369369369
109 	34 	0.762237762238
7 	20 	0.259259259259
46 	17 	0.730158730159
70 	26 	0.729166666667
54 	27 	0.666666666667
194 	138 	0.584337349398
141 	46 	0.754010695187
120 	44 	0.731707317073
14 	9 	0.608695652174
17 	15 	0.53125
22 	21 	0.511627906977
31 	19 	0.62
14 	2 	0.875
14 	13 	0.518518518519
63 	7 	0.9
55 	29 	0.654761904762
28 	18 	0.608695652174
16 	1 	0.941176470588
15 	3 	0.833333333333
34 	17 	0.666666666667
10 	18 	0.357142857143
72 	54 	0.571428571429
82 	56 	0.594202898551
10 	8 	0.555555555556
11 	17 	0.392857142857
46 	5 	0.901960784314
33 	13 	0.717391304348
19 	7 	0.730769230769
25 	10 	0.714285714286
52 	4 	0.928571428571
8 	7 	0.533333333333
37 	15 	0.711538461538
37 	44 	0.456790123457
18 	18 	0.5
25 	21 	0.54347826087
27 	1 	0.964285714286
85 	76 	0.527950310559
104 	36 	0.742857142857
16 	14 	0.533333333333
77 	2 	0.974683544304
338 	5 	0.985422740525
20 	23 	0.46511627907
