20 	28 	0.416666666667
6 	6 	0.5
20 	11 	0.645161290323
23 	14 	0.621621621622
116 	58 	0.666666666667
27 	2 	0.931034482759
36 	24 	0.6
66 	55 	0.545454545455
20 	17 	0.540540540541
19 	15 	0.558823529412
115 	75 	0.605263157895
8 	14 	0.363636363636
20 	13 	0.606060606061
93 	55 	0.628378378378
61 	23 	0.72619047619
48 	24 	0.666666666667
13 	3 	0.8125
69 	43 	0.616071428571
88 	44 	0.666666666667
36 	14 	0.72
47 	16 	0.746031746032
120 	69 	0.634920634921
52 	22 	0.702702702703
12 	5 	0.705882352941
50 	17 	0.746268656716
64 	24 	0.727272727273
90 	22 	0.803571428571
8 	12 	0.4
17 	23 	0.425
26 	28 	0.481481481481
14 	18 	0.4375
26 	19 	0.577777777778
18 	14 	0.5625
34 	32 	0.515151515152
106 	49 	0.683870967742
57 	21 	0.730769230769
62 	45 	0.579439252336
42 	10 	0.807692307692
8 	11 	0.421052631579
17 	18 	0.485714285714
31 	20 	0.607843137255
95 	28 	0.772357723577
30 	28 	0.51724137931
544 	17 	0.969696969697
11 	6 	0.647058823529
131 	31 	0.808641975309
82 	118 	0.41
27 	6 	0.818181818182
97 	26 	0.788617886179
97 	25 	0.795081967213
66 	33 	0.666666666667
47 	23 	0.671428571429
9 	11 	0.45
179 	28 	0.864734299517
37 	23 	0.616666666667
52 	18 	0.742857142857
570 	295 	0.658959537572
48 	63 	0.432432432432
115 	28 	0.804195804196
6 	21 	0.222222222222
45 	18 	0.714285714286
68 	28 	0.708333333333
53 	28 	0.654320987654
215 	117 	0.647590361446
145 	42 	0.775401069519
132 	32 	0.80487804878
14 	9 	0.608695652174
16 	16 	0.5
26 	17 	0.604651162791
27 	23 	0.54
14 	2 	0.875
12 	15 	0.444444444444
63 	7 	0.9
61 	23 	0.72619047619
33 	13 	0.717391304348
16 	1 	0.941176470588
15 	3 	0.833333333333
34 	17 	0.666666666667
13 	15 	0.464285714286
77 	49 	0.611111111111
94 	44 	0.68115942029
11 	7 	0.611111111111
13 	15 	0.464285714286
46 	5 	0.901960784314
33 	13 	0.717391304348
20 	6 	0.769230769231
23 	12 	0.657142857143
52 	4 	0.928571428571
3 	12 	0.2
36 	16 	0.692307692308
45 	36 	0.555555555556
22 	14 	0.611111111111
25 	21 	0.54347826087
27 	1 	0.964285714286
92 	69 	0.571428571429
108 	32 	0.771428571429
16 	14 	0.533333333333
77 	2 	0.974683544304
338 	5 	0.985422740525
25 	18 	0.581395348837
