26 	22 	0.541666666667
6 	6 	0.5
16 	15 	0.516129032258
22 	15 	0.594594594595
85 	89 	0.488505747126
27 	2 	0.931034482759
27 	33 	0.45
36 	85 	0.297520661157
18 	19 	0.486486486486
17 	17 	0.5
101 	89 	0.531578947368
11 	11 	0.5
20 	13 	0.606060606061
73 	75 	0.493243243243
61 	23 	0.72619047619
50 	22 	0.694444444444
13 	3 	0.8125
66 	46 	0.589285714286
90 	42 	0.681818181818
34 	16 	0.68
43 	20 	0.68253968254
115 	74 	0.608465608466
51 	23 	0.689189189189
12 	5 	0.705882352941
36 	31 	0.537313432836
45 	43 	0.511363636364
90 	22 	0.803571428571
10 	10 	0.5
19 	21 	0.475
26 	28 	0.481481481481
13 	19 	0.40625
25 	20 	0.555555555556
15 	17 	0.46875
34 	32 	0.515151515152
93 	62 	0.6
45 	33 	0.576923076923
60 	47 	0.560747663551
37 	15 	0.711538461538
4 	15 	0.210526315789
19 	16 	0.542857142857
25 	26 	0.490196078431
92 	31 	0.747967479675
20 	38 	0.344827586207
529 	32 	0.942959001783
13 	4 	0.764705882353
126 	36 	0.777777777778
80 	120 	0.4
18 	15 	0.545454545455
90 	33 	0.731707317073
94 	28 	0.770491803279
59 	40 	0.59595959596
37 	33 	0.528571428571
9 	11 	0.45
179 	28 	0.864734299517
30 	30 	0.5
49 	21 	0.7
545 	320 	0.630057803468
41 	70 	0.369369369369
107 	36 	0.748251748252
7 	20 	0.259259259259
44 	19 	0.698412698413
68 	28 	0.708333333333
50 	31 	0.617283950617
202 	130 	0.60843373494
137 	50 	0.732620320856
112 	52 	0.682926829268
7 	16 	0.304347826087
13 	19 	0.40625
21 	22 	0.488372093023
19 	31 	0.38
14 	2 	0.875
12 	15 	0.444444444444
63 	7 	0.9
51 	33 	0.607142857143
27 	19 	0.586956521739
16 	1 	0.941176470588
15 	3 	0.833333333333
29 	22 	0.56862745098
12 	16 	0.428571428571
73 	53 	0.579365079365
89 	49 	0.644927536232
11 	7 	0.611111111111
8 	20 	0.285714285714
46 	5 	0.901960784314
30 	16 	0.652173913043
20 	6 	0.769230769231
16 	19 	0.457142857143
52 	4 	0.928571428571
8 	7 	0.533333333333
34 	18 	0.653846153846
27 	54 	0.333333333333
19 	17 	0.527777777778
22 	24 	0.478260869565
27 	1 	0.964285714286
87 	74 	0.540372670807
107 	33 	0.764285714286
16 	14 	0.533333333333
77 	2 	0.974683544304
338 	5 	0.985422740525
18 	25 	0.418604651163
