19 	29 	0.395833333333
6 	6 	0.5
21 	10 	0.677419354839
23 	14 	0.621621621622
112 	62 	0.64367816092
27 	2 	0.931034482759
38 	22 	0.633333333333
72 	49 	0.595041322314
19 	18 	0.513513513514
22 	12 	0.647058823529
123 	67 	0.647368421053
9 	13 	0.409090909091
20 	13 	0.606060606061
96 	52 	0.648648648649
62 	22 	0.738095238095
51 	21 	0.708333333333
13 	3 	0.8125
69 	43 	0.616071428571
87 	45 	0.659090909091
36 	14 	0.72
47 	16 	0.746031746032
123 	66 	0.650793650794
58 	16 	0.783783783784
12 	5 	0.705882352941
50 	17 	0.746268656716
64 	24 	0.727272727273
90 	22 	0.803571428571
9 	11 	0.45
16 	24 	0.4
26 	28 	0.481481481481
14 	18 	0.4375
23 	22 	0.511111111111
18 	14 	0.5625
35 	31 	0.530303030303
109 	46 	0.703225806452
58 	20 	0.74358974359
62 	45 	0.579439252336
41 	11 	0.788461538462
8 	11 	0.421052631579
18 	17 	0.514285714286
30 	21 	0.588235294118
92 	31 	0.747967479675
32 	26 	0.551724137931
543 	18 	0.967914438503
11 	6 	0.647058823529
131 	31 	0.808641975309
74 	126 	0.37
28 	5 	0.848484848485
94 	29 	0.764227642276
98 	24 	0.803278688525
66 	33 	0.666666666667
42 	28 	0.6
9 	11 	0.45
179 	28 	0.864734299517
39 	21 	0.65
52 	18 	0.742857142857
588 	277 	0.679768786127
49 	62 	0.441441441441
117 	26 	0.818181818182
7 	20 	0.259259259259
45 	18 	0.714285714286
69 	27 	0.71875
57 	24 	0.703703703704
212 	120 	0.638554216867
146 	41 	0.780748663102
132 	32 	0.80487804878
14 	9 	0.608695652174
16 	16 	0.5
30 	13 	0.697674418605
28 	22 	0.56
14 	2 	0.875
12 	15 	0.444444444444
63 	7 	0.9
63 	21 	0.75
32 	14 	0.695652173913
16 	1 	0.941176470588
15 	3 	0.833333333333
33 	18 	0.647058823529
14 	14 	0.5
79 	47 	0.626984126984
96 	42 	0.695652173913
11 	7 	0.611111111111
11 	17 	0.392857142857
46 	5 	0.901960784314
32 	14 	0.695652173913
20 	6 	0.769230769231
24 	11 	0.685714285714
52 	4 	0.928571428571
3 	12 	0.2
35 	17 	0.673076923077
44 	37 	0.543209876543
23 	13 	0.638888888889
25 	21 	0.54347826087
27 	1 	0.964285714286
90 	71 	0.55900621118
106 	34 	0.757142857143
16 	14 	0.533333333333
77 	2 	0.974683544304
338 	5 	0.985422740525
24 	19 	0.558139534884
