22 	26 	0.458333333333
6 	6 	0.5
20 	11 	0.645161290323
23 	14 	0.621621621622
99 	75 	0.568965517241
27 	2 	0.931034482759
37 	23 	0.616666666667
61 	60 	0.504132231405
20 	17 	0.540540540541
22 	12 	0.647058823529
115 	75 	0.605263157895
7 	15 	0.318181818182
19 	14 	0.575757575758
88 	60 	0.594594594595
64 	20 	0.761904761905
48 	24 	0.666666666667
13 	3 	0.8125
69 	43 	0.616071428571
85 	47 	0.643939393939
35 	15 	0.7
45 	18 	0.714285714286
115 	74 	0.608465608466
51 	23 	0.689189189189
12 	5 	0.705882352941
43 	24 	0.641791044776
59 	29 	0.670454545455
92 	20 	0.821428571429
10 	10 	0.5
19 	21 	0.475
29 	25 	0.537037037037
15 	17 	0.46875
27 	18 	0.6
18 	14 	0.5625
34 	32 	0.515151515152
103 	52 	0.664516129032
56 	22 	0.717948717949
62 	45 	0.579439252336
37 	15 	0.711538461538
7 	12 	0.368421052632
20 	15 	0.571428571429
29 	22 	0.56862745098
91 	32 	0.739837398374
30 	28 	0.51724137931
537 	24 	0.957219251337
13 	4 	0.764705882353
128 	34 	0.79012345679
83 	117 	0.415
25 	8 	0.757575757576
96 	27 	0.780487804878
99 	23 	0.811475409836
64 	35 	0.646464646465
43 	27 	0.614285714286
9 	11 	0.45
178 	29 	0.859903381643
35 	25 	0.583333333333
51 	19 	0.728571428571
545 	320 	0.630057803468
43 	68 	0.387387387387
111 	32 	0.776223776224
8 	19 	0.296296296296
44 	19 	0.698412698413
69 	27 	0.71875
58 	23 	0.716049382716
207 	125 	0.623493975904
149 	38 	0.79679144385
130 	34 	0.792682926829
15 	8 	0.652173913043
14 	18 	0.4375
28 	15 	0.651162790698
27 	23 	0.54
14 	2 	0.875
16 	11 	0.592592592593
63 	7 	0.9
60 	24 	0.714285714286
35 	11 	0.760869565217
16 	1 	0.941176470588
15 	3 	0.833333333333
31 	20 	0.607843137255
15 	13 	0.535714285714
75 	51 	0.595238095238
94 	44 	0.68115942029
11 	7 	0.611111111111
12 	16 	0.428571428571
46 	5 	0.901960784314
32 	14 	0.695652173913
20 	6 	0.769230769231
21 	14 	0.6
52 	4 	0.928571428571
3 	12 	0.2
35 	17 	0.673076923077
41 	40 	0.506172839506
22 	14 	0.611111111111
24 	22 	0.521739130435
27 	1 	0.964285714286
83 	78 	0.515527950311
103 	37 	0.735714285714
16 	14 	0.533333333333
77 	2 	0.974683544304
338 	5 	0.985422740525
23 	20 	0.53488372093
