17 	31 	0.354166666667
6 	6 	0.5
21 	10 	0.677419354839
24 	13 	0.648648648649
119 	55 	0.683908045977
27 	2 	0.931034482759
41 	19 	0.683333333333
66 	55 	0.545454545455
17 	20 	0.459459459459
20 	14 	0.588235294118
119 	71 	0.626315789474
10 	12 	0.454545454545
24 	9 	0.727272727273
98 	50 	0.662162162162
67 	17 	0.797619047619
52 	20 	0.722222222222
13 	3 	0.8125
77 	35 	0.6875
89 	43 	0.674242424242
37 	13 	0.74
47 	16 	0.746031746032
121 	68 	0.640211640212
49 	25 	0.662162162162
12 	5 	0.705882352941
48 	19 	0.716417910448
68 	20 	0.772727272727
93 	19 	0.830357142857
7 	13 	0.35
23 	17 	0.575
28 	26 	0.518518518519
12 	20 	0.375
26 	19 	0.577777777778
24 	8 	0.75
35 	31 	0.530303030303
108 	47 	0.696774193548
58 	20 	0.74358974359
66 	41 	0.616822429907
41 	11 	0.788461538462
7 	12 	0.368421052632
18 	17 	0.514285714286
31 	20 	0.607843137255
94 	29 	0.764227642276
34 	24 	0.586206896552
543 	18 	0.967914438503
11 	6 	0.647058823529
130 	32 	0.802469135802
77 	123 	0.385
27 	6 	0.818181818182
98 	25 	0.79674796748
100 	22 	0.819672131148
66 	33 	0.666666666667
41 	29 	0.585714285714
9 	11 	0.45
179 	28 	0.864734299517
37 	23 	0.616666666667
50 	20 	0.714285714286
590 	275 	0.682080924855
50 	61 	0.45045045045
115 	28 	0.804195804196
5 	22 	0.185185185185
47 	16 	0.746031746032
70 	26 	0.729166666667
55 	26 	0.679012345679
224 	108 	0.674698795181
145 	42 	0.775401069519
134 	30 	0.817073170732
17 	6 	0.739130434783
14 	18 	0.4375
30 	13 	0.697674418605
28 	22 	0.56
14 	2 	0.875
12 	15 	0.444444444444
63 	7 	0.9
65 	19 	0.77380952381
30 	16 	0.652173913043
16 	1 	0.941176470588
15 	3 	0.833333333333
39 	12 	0.764705882353
14 	14 	0.5
79 	47 	0.626984126984
93 	45 	0.673913043478
11 	7 	0.611111111111
16 	12 	0.571428571429
46 	5 	0.901960784314
34 	12 	0.739130434783
20 	6 	0.769230769231
23 	12 	0.657142857143
52 	4 	0.928571428571
8 	7 	0.533333333333
37 	15 	0.711538461538
44 	37 	0.543209876543
21 	15 	0.583333333333
23 	23 	0.5
27 	1 	0.964285714286
91 	70 	0.565217391304
111 	29 	0.792857142857
21 	9 	0.7
77 	2 	0.974683544304
338 	5 	0.985422740525
30 	13 	0.697674418605
