24 	24 	0.5
6 	6 	0.5
18 	13 	0.58064516129
22 	15 	0.594594594595
88 	86 	0.505747126437
27 	2 	0.931034482759
28 	32 	0.466666666667
35 	86 	0.289256198347
21 	16 	0.567567567568
17 	17 	0.5
100 	90 	0.526315789474
7 	15 	0.318181818182
18 	15 	0.545454545455
76 	72 	0.513513513514
62 	22 	0.738095238095
48 	24 	0.666666666667
13 	3 	0.8125
64 	48 	0.571428571429
89 	43 	0.674242424242
33 	17 	0.66
45 	18 	0.714285714286
112 	77 	0.592592592593
44 	30 	0.594594594595
12 	5 	0.705882352941
41 	26 	0.611940298507
39 	49 	0.443181818182
90 	22 	0.803571428571
10 	10 	0.5
19 	21 	0.475
27 	27 	0.5
14 	18 	0.4375
26 	19 	0.577777777778
16 	16 	0.5
34 	32 	0.515151515152
90 	65 	0.58064516129
44 	34 	0.564102564103
61 	46 	0.570093457944
36 	16 	0.692307692308
8 	11 	0.421052631579
19 	16 	0.542857142857
31 	20 	0.607843137255
88 	35 	0.715447154472
29 	29 	0.5
525 	36 	0.935828877005
13 	4 	0.764705882353
125 	37 	0.771604938272
81 	119 	0.405
24 	9 	0.727272727273
86 	37 	0.69918699187
94 	28 	0.770491803279
50 	49 	0.505050505051
44 	26 	0.628571428571
9 	11 	0.45
178 	29 	0.859903381643
27 	33 	0.45
51 	19 	0.728571428571
530 	335 	0.612716763006
38 	73 	0.342342342342
106 	37 	0.741258741259
8 	19 	0.296296296296
44 	19 	0.698412698413
58 	38 	0.604166666667
47 	34 	0.58024691358
197 	135 	0.593373493976
135 	52 	0.72192513369
109 	55 	0.664634146341
12 	11 	0.521739130435
9 	23 	0.28125
23 	20 	0.53488372093
16 	34 	0.32
14 	2 	0.875
6 	21 	0.222222222222
63 	7 	0.9
57 	27 	0.678571428571
26 	20 	0.565217391304
16 	1 	0.941176470588
15 	3 	0.833333333333
29 	22 	0.56862745098
15 	13 	0.535714285714
71 	55 	0.563492063492
85 	53 	0.615942028986
11 	7 	0.611111111111
11 	17 	0.392857142857
46 	5 	0.901960784314
30 	16 	0.652173913043
20 	6 	0.769230769231
13 	22 	0.371428571429
52 	4 	0.928571428571
8 	7 	0.533333333333
36 	16 	0.692307692308
33 	48 	0.407407407407
18 	18 	0.5
21 	25 	0.45652173913
27 	1 	0.964285714286
84 	77 	0.521739130435
103 	37 	0.735714285714
16 	14 	0.533333333333
77 	2 	0.974683544304
338 	5 	0.985422740525
17 	26 	0.395348837209
