21 	27 	0.4375
6 	6 	0.5
14 	17 	0.451612903226
22 	15 	0.594594594595
91 	83 	0.522988505747
27 	2 	0.931034482759
28 	32 	0.466666666667
62 	59 	0.512396694215
17 	20 	0.459459459459
18 	16 	0.529411764706
98 	92 	0.515789473684
7 	15 	0.318181818182
13 	20 	0.393939393939
74 	74 	0.5
62 	22 	0.738095238095
48 	24 	0.666666666667
13 	3 	0.8125
67 	45 	0.598214285714
86 	46 	0.651515151515
34 	16 	0.68
43 	20 	0.68253968254
103 	86 	0.544973544974
47 	27 	0.635135135135
12 	5 	0.705882352941
42 	25 	0.626865671642
63 	25 	0.715909090909
88 	24 	0.785714285714
9 	11 	0.45
19 	21 	0.475
28 	26 	0.518518518519
13 	19 	0.40625
28 	17 	0.622222222222
9 	23 	0.28125
33 	33 	0.5
92 	63 	0.593548387097
50 	28 	0.641025641026
59 	48 	0.551401869159
35 	17 	0.673076923077
5 	14 	0.263157894737
17 	18 	0.485714285714
32 	19 	0.627450980392
91 	32 	0.739837398374
30 	28 	0.51724137931
533 	28 	0.95008912656
12 	5 	0.705882352941
121 	41 	0.746913580247
70 	130 	0.35
16 	17 	0.484848484848
89 	34 	0.723577235772
98 	24 	0.803278688525
51 	48 	0.515151515152
36 	34 	0.514285714286
9 	11 	0.45
177 	30 	0.855072463768
30 	30 	0.5
50 	20 	0.714285714286
534 	331 	0.617341040462
45 	66 	0.405405405405
104 	39 	0.727272727273
7 	20 	0.259259259259
44 	19 	0.698412698413
62 	34 	0.645833333333
44 	37 	0.543209876543
197 	135 	0.593373493976
137 	50 	0.732620320856
118 	46 	0.719512195122
12 	11 	0.521739130435
12 	20 	0.375
21 	22 	0.488372093023
23 	27 	0.46
14 	2 	0.875
7 	20 	0.259259259259
63 	7 	0.9
49 	35 	0.583333333333
31 	15 	0.673913043478
16 	1 	0.941176470588
15 	3 	0.833333333333
30 	21 	0.588235294118
11 	17 	0.392857142857
69 	57 	0.547619047619
87 	51 	0.630434782609
11 	7 	0.611111111111
12 	16 	0.428571428571
46 	5 	0.901960784314
29 	17 	0.630434782609
19 	7 	0.730769230769
24 	11 	0.685714285714
52 	4 	0.928571428571
9 	6 	0.6
36 	16 	0.692307692308
33 	48 	0.407407407407
18 	18 	0.5
25 	21 	0.54347826087
27 	1 	0.964285714286
73 	88 	0.453416149068
102 	38 	0.728571428571
16 	14 	0.533333333333
77 	2 	0.974683544304
338 	5 	0.985422740525
18 	25 	0.418604651163
