18 	30 	0.375
4 	8 	0.333333333333
17 	14 	0.548387096774
20 	17 	0.540540540541
75 	99 	0.431034482759
27 	2 	0.931034482759
33 	27 	0.55
51 	70 	0.421487603306
18 	19 	0.486486486486
17 	17 	0.5
94 	96 	0.494736842105
5 	17 	0.227272727273
24 	9 	0.727272727273
88 	60 	0.594594594595
61 	23 	0.72619047619
48 	24 	0.666666666667
13 	3 	0.8125
70 	42 	0.625
82 	50 	0.621212121212
37 	13 	0.74
44 	19 	0.698412698413
109 	80 	0.57671957672
48 	26 	0.648648648649
12 	5 	0.705882352941
42 	25 	0.626865671642
66 	22 	0.75
89 	23 	0.794642857143
8 	12 	0.4
21 	19 	0.525
25 	29 	0.462962962963
15 	17 	0.46875
27 	18 	0.6
10 	22 	0.3125
35 	31 	0.530303030303
87 	68 	0.561290322581
49 	29 	0.628205128205
59 	48 	0.551401869159
39 	13 	0.75
4 	15 	0.210526315789
13 	22 	0.371428571429
24 	27 	0.470588235294
91 	32 	0.739837398374
33 	25 	0.568965517241
517 	44 	0.921568627451
10 	7 	0.588235294118
121 	41 	0.746913580247
84 	116 	0.42
22 	11 	0.666666666667
95 	28 	0.772357723577
78 	44 	0.639344262295
55 	44 	0.555555555556
43 	27 	0.614285714286
9 	11 	0.45
174 	33 	0.840579710145
26 	34 	0.433333333333
53 	17 	0.757142857143
545 	320 	0.630057803468
41 	70 	0.369369369369
109 	34 	0.762237762238
7 	20 	0.259259259259
41 	22 	0.650793650794
64 	32 	0.666666666667
49 	32 	0.604938271605
192 	140 	0.578313253012
135 	52 	0.72192513369
108 	56 	0.658536585366
11 	12 	0.478260869565
14 	18 	0.4375
25 	18 	0.581395348837
25 	25 	0.5
14 	2 	0.875
11 	16 	0.407407407407
62 	8 	0.885714285714
52 	32 	0.619047619048
33 	13 	0.717391304348
16 	1 	0.941176470588
15 	3 	0.833333333333
37 	14 	0.725490196078
10 	18 	0.357142857143
78 	48 	0.619047619048
80 	58 	0.579710144928
11 	7 	0.611111111111
10 	18 	0.357142857143
46 	5 	0.901960784314
30 	16 	0.652173913043
20 	6 	0.769230769231
26 	9 	0.742857142857
52 	4 	0.928571428571
3 	12 	0.2
35 	17 	0.673076923077
47 	34 	0.58024691358
18 	18 	0.5
24 	22 	0.521739130435
27 	1 	0.964285714286
90 	71 	0.55900621118
102 	38 	0.728571428571
18 	12 	0.6
77 	2 	0.974683544304
338 	5 	0.985422740525
18 	25 	0.418604651163
