28 	20 	0.583333333333
4 	8 	0.333333333333
17 	14 	0.548387096774
20 	17 	0.540540540541
99 	75 	0.568965517241
26 	3 	0.896551724138
37 	23 	0.616666666667
61 	60 	0.504132231405
16 	21 	0.432432432432
16 	18 	0.470588235294
110 	80 	0.578947368421
8 	14 	0.363636363636
23 	10 	0.69696969697
91 	57 	0.614864864865
62 	22 	0.738095238095
44 	28 	0.611111111111
13 	3 	0.8125
73 	39 	0.651785714286
76 	56 	0.575757575758
38 	12 	0.76
38 	25 	0.603174603175
114 	75 	0.603174603175
49 	25 	0.662162162162
12 	5 	0.705882352941
40 	27 	0.597014925373
61 	27 	0.693181818182
85 	27 	0.758928571429
8 	12 	0.4
18 	22 	0.45
28 	26 	0.518518518519
18 	14 	0.5625
31 	14 	0.688888888889
15 	17 	0.46875
35 	31 	0.530303030303
88 	67 	0.567741935484
50 	28 	0.641025641026
67 	40 	0.626168224299
41 	11 	0.788461538462
10 	9 	0.526315789474
14 	21 	0.4
30 	21 	0.588235294118
83 	40 	0.674796747967
32 	26 	0.551724137931
516 	45 	0.919786096257
10 	7 	0.588235294118
121 	41 	0.746913580247
84 	116 	0.42
25 	8 	0.757575757576
91 	32 	0.739837398374
88 	34 	0.72131147541
54 	45 	0.545454545455
41 	29 	0.585714285714
12 	8 	0.6
179 	28 	0.864734299517
34 	26 	0.566666666667
54 	16 	0.771428571429
555 	310 	0.64161849711
36 	75 	0.324324324324
108 	35 	0.755244755245
9 	18 	0.333333333333
46 	17 	0.730158730159
63 	33 	0.65625
53 	28 	0.654320987654
199 	133 	0.599397590361
133 	54 	0.711229946524
121 	43 	0.737804878049
13 	10 	0.565217391304
10 	22 	0.3125
26 	17 	0.604651162791
26 	24 	0.52
14 	2 	0.875
19 	8 	0.703703703704
63 	7 	0.9
63 	21 	0.75
35 	11 	0.760869565217
16 	1 	0.941176470588
14 	4 	0.777777777778
31 	20 	0.607843137255
12 	16 	0.428571428571
68 	58 	0.539682539683
75 	63 	0.54347826087
10 	8 	0.555555555556
13 	15 	0.464285714286
46 	5 	0.901960784314
30 	16 	0.652173913043
19 	7 	0.730769230769
21 	14 	0.6
52 	4 	0.928571428571
5 	10 	0.333333333333
34 	18 	0.653846153846
34 	47 	0.41975308642
18 	18 	0.5
25 	21 	0.54347826087
27 	1 	0.964285714286
96 	65 	0.596273291925
109 	31 	0.778571428571
17 	13 	0.566666666667
77 	2 	0.974683544304
338 	5 	0.985422740525
21 	22 	0.488372093023
