21 	27 	0.4375
5 	7 	0.416666666667
17 	14 	0.548387096774
19 	18 	0.513513513514
81 	93 	0.465517241379
27 	2 	0.931034482759
31 	29 	0.516666666667
49 	72 	0.404958677686
15 	22 	0.405405405405
17 	17 	0.5
91 	99 	0.478947368421
4 	18 	0.181818181818
21 	12 	0.636363636364
75 	73 	0.506756756757
62 	22 	0.738095238095
46 	26 	0.638888888889
13 	3 	0.8125
68 	44 	0.607142857143
85 	47 	0.643939393939
33 	17 	0.66
41 	22 	0.650793650794
111 	78 	0.587301587302
46 	28 	0.621621621622
12 	5 	0.705882352941
37 	30 	0.55223880597
58 	30 	0.659090909091
92 	20 	0.821428571429
9 	11 	0.45
19 	21 	0.475
26 	28 	0.481481481481
16 	16 	0.5
29 	16 	0.644444444444
16 	16 	0.5
33 	33 	0.5
89 	66 	0.574193548387
46 	32 	0.589743589744
55 	52 	0.514018691589
36 	16 	0.692307692308
9 	10 	0.473684210526
14 	21 	0.4
27 	24 	0.529411764706
93 	30 	0.756097560976
34 	24 	0.586206896552
520 	41 	0.926916221034
8 	9 	0.470588235294
122 	40 	0.753086419753
85 	115 	0.425
21 	12 	0.636363636364
94 	29 	0.764227642276
83 	39 	0.680327868852
58 	41 	0.585858585859
46 	24 	0.657142857143
8 	12 	0.4
176 	31 	0.850241545894
30 	30 	0.5
53 	17 	0.757142857143
547 	318 	0.632369942197
38 	73 	0.342342342342
100 	43 	0.699300699301
8 	19 	0.296296296296
46 	17 	0.730158730159
61 	35 	0.635416666667
48 	33 	0.592592592593
195 	137 	0.58734939759
142 	45 	0.75935828877
124 	40 	0.756097560976
11 	12 	0.478260869565
14 	18 	0.4375
22 	21 	0.511627906977
27 	23 	0.54
14 	2 	0.875
10 	17 	0.37037037037
63 	7 	0.9
53 	31 	0.630952380952
27 	19 	0.586956521739
16 	1 	0.941176470588
15 	3 	0.833333333333
32 	19 	0.627450980392
12 	16 	0.428571428571
77 	49 	0.611111111111
77 	61 	0.557971014493
11 	7 	0.611111111111
9 	19 	0.321428571429
46 	5 	0.901960784314
25 	21 	0.54347826087
20 	6 	0.769230769231
23 	12 	0.657142857143
52 	4 	0.928571428571
5 	10 	0.333333333333
37 	15 	0.711538461538
38 	43 	0.469135802469
19 	17 	0.527777777778
24 	22 	0.521739130435
27 	1 	0.964285714286
95 	66 	0.590062111801
102 	38 	0.728571428571
18 	12 	0.6
77 	2 	0.974683544304
338 	5 	0.985422740525
20 	23 	0.46511627907
