20 	28 	0.416666666667
5 	7 	0.416666666667
17 	14 	0.548387096774
18 	19 	0.486486486486
79 	95 	0.454022988506
27 	2 	0.931034482759
34 	26 	0.566666666667
55 	66 	0.454545454545
18 	19 	0.486486486486
17 	17 	0.5
96 	94 	0.505263157895
7 	15 	0.318181818182
19 	14 	0.575757575758
80 	68 	0.540540540541
61 	23 	0.72619047619
45 	27 	0.625
13 	3 	0.8125
72 	40 	0.642857142857
82 	50 	0.621212121212
36 	14 	0.72
41 	22 	0.650793650794
112 	77 	0.592592592593
48 	26 	0.648648648649
12 	5 	0.705882352941
40 	27 	0.597014925373
59 	29 	0.670454545455
92 	20 	0.821428571429
9 	11 	0.45
20 	20 	0.5
24 	30 	0.444444444444
16 	16 	0.5
28 	17 	0.622222222222
19 	13 	0.59375
32 	34 	0.484848484848
91 	64 	0.587096774194
50 	28 	0.641025641026
59 	48 	0.551401869159
38 	14 	0.730769230769
7 	12 	0.368421052632
15 	20 	0.428571428571
28 	23 	0.549019607843
90 	33 	0.731707317073
37 	21 	0.637931034483
515 	46 	0.918003565062
4 	13 	0.235294117647
122 	40 	0.753086419753
83 	117 	0.415
24 	9 	0.727272727273
92 	31 	0.747967479675
83 	39 	0.680327868852
59 	40 	0.59595959596
44 	26 	0.628571428571
8 	12 	0.4
175 	32 	0.845410628019
31 	29 	0.516666666667
51 	19 	0.728571428571
543 	322 	0.62774566474
42 	69 	0.378378378378
103 	40 	0.72027972028
7 	20 	0.259259259259
46 	17 	0.730158730159
65 	31 	0.677083333333
47 	34 	0.58024691358
189 	143 	0.569277108434
137 	50 	0.732620320856
121 	43 	0.737804878049
10 	13 	0.434782608696
14 	18 	0.4375
23 	20 	0.53488372093
26 	24 	0.52
14 	2 	0.875
14 	13 	0.518518518519
62 	8 	0.885714285714
55 	29 	0.654761904762
28 	18 	0.608695652174
16 	1 	0.941176470588
15 	3 	0.833333333333
32 	19 	0.627450980392
12 	16 	0.428571428571
78 	48 	0.619047619048
83 	55 	0.601449275362
11 	7 	0.611111111111
10 	18 	0.357142857143
46 	5 	0.901960784314
30 	16 	0.652173913043
20 	6 	0.769230769231
24 	11 	0.685714285714
52 	4 	0.928571428571
7 	8 	0.466666666667
35 	17 	0.673076923077
37 	44 	0.456790123457
20 	16 	0.555555555556
22 	24 	0.478260869565
27 	1 	0.964285714286
97 	64 	0.60248447205
101 	39 	0.721428571429
18 	12 	0.6
77 	2 	0.974683544304
338 	5 	0.985422740525
20 	23 	0.46511627907
