24 	24 	0.5
5 	7 	0.416666666667
18 	13 	0.58064516129
19 	18 	0.513513513514
83 	91 	0.477011494253
27 	2 	0.931034482759
30 	30 	0.5
57 	64 	0.471074380165
16 	21 	0.432432432432
18 	16 	0.529411764706
101 	89 	0.531578947368
8 	14 	0.363636363636
21 	12 	0.636363636364
88 	60 	0.594594594595
60 	24 	0.714285714286
44 	28 	0.611111111111
13 	3 	0.8125
76 	36 	0.678571428571
82 	50 	0.621212121212
37 	13 	0.74
43 	20 	0.68253968254
115 	74 	0.608465608466
46 	28 	0.621621621622
12 	5 	0.705882352941
44 	23 	0.65671641791
63 	25 	0.715909090909
90 	22 	0.803571428571
9 	11 	0.45
20 	20 	0.5
25 	29 	0.462962962963
15 	17 	0.46875
27 	18 	0.6
18 	14 	0.5625
34 	32 	0.515151515152
87 	68 	0.561290322581
52 	26 	0.666666666667
60 	47 	0.560747663551
40 	12 	0.769230769231
9 	10 	0.473684210526
14 	21 	0.4
27 	24 	0.529411764706
88 	35 	0.715447154472
36 	22 	0.620689655172
516 	45 	0.919786096257
3 	14 	0.176470588235
124 	38 	0.765432098765
81 	119 	0.405
25 	8 	0.757575757576
95 	28 	0.772357723577
81 	41 	0.66393442623
59 	40 	0.59595959596
42 	28 	0.6
9 	11 	0.45
177 	30 	0.855072463768
30 	30 	0.5
49 	21 	0.7
543 	322 	0.62774566474
43 	68 	0.387387387387
101 	42 	0.706293706294
7 	20 	0.259259259259
42 	21 	0.666666666667
63 	33 	0.65625
50 	31 	0.617283950617
185 	147 	0.557228915663
139 	48 	0.743315508021
111 	53 	0.676829268293
12 	11 	0.521739130435
14 	18 	0.4375
27 	16 	0.627906976744
27 	23 	0.54
14 	2 	0.875
12 	15 	0.444444444444
62 	8 	0.885714285714
53 	31 	0.630952380952
31 	15 	0.673913043478
16 	1 	0.941176470588
15 	3 	0.833333333333
37 	14 	0.725490196078
12 	16 	0.428571428571
76 	50 	0.603174603175
85 	53 	0.615942028986
11 	7 	0.611111111111
10 	18 	0.357142857143
46 	5 	0.901960784314
30 	16 	0.652173913043
20 	6 	0.769230769231
26 	9 	0.742857142857
52 	4 	0.928571428571
6 	9 	0.4
35 	17 	0.673076923077
42 	39 	0.518518518519
23 	13 	0.638888888889
24 	22 	0.521739130435
27 	1 	0.964285714286
95 	66 	0.590062111801
103 	37 	0.735714285714
18 	12 	0.6
77 	2 	0.974683544304
338 	5 	0.985422740525
23 	20 	0.53488372093
