30 	18 	0.625
4 	8 	0.333333333333
17 	14 	0.548387096774
20 	17 	0.540540540541
96 	78 	0.551724137931
26 	3 	0.896551724138
36 	24 	0.6
57 	64 	0.471074380165
17 	20 	0.459459459459
17 	17 	0.5
104 	86 	0.547368421053
9 	13 	0.409090909091
22 	11 	0.666666666667
91 	57 	0.614864864865
62 	22 	0.738095238095
47 	25 	0.652777777778
13 	3 	0.8125
69 	43 	0.616071428571
73 	59 	0.55303030303
36 	14 	0.72
41 	22 	0.650793650794
116 	73 	0.613756613757
51 	23 	0.689189189189
12 	5 	0.705882352941
41 	26 	0.611940298507
64 	24 	0.727272727273
90 	22 	0.803571428571
8 	12 	0.4
21 	19 	0.525
29 	25 	0.537037037037
17 	15 	0.53125
32 	13 	0.711111111111
18 	14 	0.5625
32 	34 	0.484848484848
90 	65 	0.58064516129
52 	26 	0.666666666667
65 	42 	0.607476635514
39 	13 	0.75
9 	10 	0.473684210526
14 	21 	0.4
29 	22 	0.56862745098
83 	40 	0.674796747967
32 	26 	0.551724137931
518 	43 	0.923351158645
9 	8 	0.529411764706
122 	40 	0.753086419753
81 	119 	0.405
24 	9 	0.727272727273
92 	31 	0.747967479675
90 	32 	0.737704918033
53 	46 	0.535353535354
40 	30 	0.571428571429
11 	9 	0.55
177 	30 	0.855072463768
36 	24 	0.6
55 	15 	0.785714285714
542 	323 	0.626589595376
38 	73 	0.342342342342
106 	37 	0.741258741259
8 	19 	0.296296296296
45 	18 	0.714285714286
61 	35 	0.635416666667
50 	31 	0.617283950617
197 	135 	0.593373493976
129 	58 	0.689839572193
129 	35 	0.786585365854
14 	9 	0.608695652174
11 	21 	0.34375
26 	17 	0.604651162791
28 	22 	0.56
14 	2 	0.875
17 	10 	0.62962962963
63 	7 	0.9
65 	19 	0.77380952381
37 	9 	0.804347826087
16 	1 	0.941176470588
14 	4 	0.777777777778
30 	21 	0.588235294118
11 	17 	0.392857142857
74 	52 	0.587301587302
77 	61 	0.557971014493
10 	8 	0.555555555556
13 	15 	0.464285714286
46 	5 	0.901960784314
30 	16 	0.652173913043
18 	8 	0.692307692308
24 	11 	0.685714285714
52 	4 	0.928571428571
5 	10 	0.333333333333
36 	16 	0.692307692308
35 	46 	0.432098765432
18 	18 	0.5
24 	22 	0.521739130435
27 	1 	0.964285714286
96 	65 	0.596273291925
109 	31 	0.778571428571
16 	14 	0.533333333333
77 	2 	0.974683544304
338 	5 	0.985422740525
22 	21 	0.511627906977
