21 	27 	0.4375
5 	7 	0.416666666667
17 	14 	0.548387096774
19 	18 	0.513513513514
78 	96 	0.448275862069
27 	2 	0.931034482759
28 	32 	0.466666666667
56 	65 	0.462809917355
16 	21 	0.432432432432
17 	17 	0.5
97 	93 	0.510526315789
5 	17 	0.227272727273
20 	13 	0.606060606061
85 	63 	0.574324324324
62 	22 	0.738095238095
46 	26 	0.638888888889
13 	3 	0.8125
72 	40 	0.642857142857
84 	48 	0.636363636364
34 	16 	0.68
43 	20 	0.68253968254
113 	76 	0.597883597884
47 	27 	0.635135135135
12 	5 	0.705882352941
39 	28 	0.582089552239
63 	25 	0.715909090909
90 	22 	0.803571428571
8 	12 	0.4
19 	21 	0.475
26 	28 	0.481481481481
15 	17 	0.46875
28 	17 	0.622222222222
16 	16 	0.5
33 	33 	0.5
92 	63 	0.593548387097
51 	27 	0.653846153846
57 	50 	0.532710280374
39 	13 	0.75
5 	14 	0.263157894737
15 	20 	0.428571428571
24 	27 	0.470588235294
93 	30 	0.756097560976
34 	24 	0.586206896552
522 	39 	0.930481283422
10 	7 	0.588235294118
124 	38 	0.765432098765
81 	119 	0.405
22 	11 	0.666666666667
93 	30 	0.756097560976
79 	43 	0.647540983607
56 	43 	0.565656565657
41 	29 	0.585714285714
9 	11 	0.45
172 	35 	0.830917874396
26 	34 	0.433333333333
53 	17 	0.757142857143
550 	315 	0.635838150289
44 	67 	0.396396396396
101 	42 	0.706293706294
7 	20 	0.259259259259
40 	23 	0.634920634921
66 	30 	0.6875
49 	32 	0.604938271605
194 	138 	0.584337349398
137 	50 	0.732620320856
113 	51 	0.689024390244
11 	12 	0.478260869565
13 	19 	0.40625
25 	18 	0.581395348837
27 	23 	0.54
14 	2 	0.875
9 	18 	0.333333333333
62 	8 	0.885714285714
55 	29 	0.654761904762
29 	17 	0.630434782609
16 	1 	0.941176470588
15 	3 	0.833333333333
37 	14 	0.725490196078
11 	17 	0.392857142857
77 	49 	0.611111111111
80 	58 	0.579710144928
11 	7 	0.611111111111
10 	18 	0.357142857143
46 	5 	0.901960784314
27 	19 	0.586956521739
20 	6 	0.769230769231
25 	10 	0.714285714286
52 	4 	0.928571428571
5 	10 	0.333333333333
35 	17 	0.673076923077
39 	42 	0.481481481481
20 	16 	0.555555555556
27 	19 	0.586956521739
27 	1 	0.964285714286
98 	63 	0.608695652174
102 	38 	0.728571428571
18 	12 	0.6
77 	2 	0.974683544304
338 	5 	0.985422740525
21 	22 	0.488372093023
