20 	28 	0.416666666667
1 	11 	0.0833333333333
20 	11 	0.645161290323
17 	20 	0.459459459459
74 	100 	0.425287356322
27 	2 	0.931034482759
33 	27 	0.55
52 	69 	0.429752066116
17 	20 	0.459459459459
16 	18 	0.470588235294
97 	93 	0.510526315789
5 	17 	0.227272727273
22 	11 	0.666666666667
84 	64 	0.567567567568
62 	22 	0.738095238095
44 	28 	0.611111111111
13 	3 	0.8125
78 	34 	0.696428571429
80 	52 	0.606060606061
37 	13 	0.74
44 	19 	0.698412698413
110 	79 	0.582010582011
48 	26 	0.648648648649
12 	5 	0.705882352941
43 	24 	0.641791044776
67 	21 	0.761363636364
87 	25 	0.776785714286
8 	12 	0.4
23 	17 	0.575
26 	28 	0.481481481481
15 	17 	0.46875
29 	16 	0.644444444444
15 	17 	0.46875
32 	34 	0.484848484848
84 	71 	0.541935483871
54 	24 	0.692307692308
61 	46 	0.570093457944
40 	12 	0.769230769231
4 	15 	0.210526315789
14 	21 	0.4
27 	24 	0.529411764706
91 	32 	0.739837398374
34 	24 	0.586206896552
511 	50 	0.910873440285
9 	8 	0.529411764706
120 	42 	0.740740740741
79 	121 	0.395
20 	13 	0.606060606061
93 	30 	0.756097560976
78 	44 	0.639344262295
54 	45 	0.545454545455
42 	28 	0.6
9 	11 	0.45
172 	35 	0.830917874396
26 	34 	0.433333333333
51 	19 	0.728571428571
550 	315 	0.635838150289
40 	71 	0.36036036036
108 	35 	0.755244755245
8 	19 	0.296296296296
42 	21 	0.666666666667
64 	32 	0.666666666667
49 	32 	0.604938271605
187 	145 	0.563253012048
138 	49 	0.737967914439
105 	59 	0.640243902439
11 	12 	0.478260869565
16 	16 	0.5
27 	16 	0.627906976744
25 	25 	0.5
14 	2 	0.875
10 	17 	0.37037037037
62 	8 	0.885714285714
53 	31 	0.630952380952
35 	11 	0.760869565217
16 	1 	0.941176470588
15 	3 	0.833333333333
36 	15 	0.705882352941
11 	17 	0.392857142857
80 	46 	0.634920634921
85 	53 	0.615942028986
11 	7 	0.611111111111
10 	18 	0.357142857143
46 	5 	0.901960784314
31 	15 	0.673913043478
20 	6 	0.769230769231
25 	10 	0.714285714286
52 	4 	0.928571428571
4 	11 	0.266666666667
35 	17 	0.673076923077
43 	38 	0.530864197531
19 	17 	0.527777777778
23 	23 	0.5
27 	1 	0.964285714286
93 	68 	0.577639751553
100 	40 	0.714285714286
18 	12 	0.6
77 	2 	0.974683544304
338 	5 	0.985422740525
19 	24 	0.441860465116
