23 	25 	0.479166666667
6 	6 	0.5
20 	11 	0.645161290323
25 	12 	0.675675675676
85 	89 	0.488505747126
27 	2 	0.931034482759
31 	29 	0.516666666667
57 	64 	0.471074380165
18 	19 	0.486486486486
20 	14 	0.588235294118
104 	86 	0.547368421053
8 	14 	0.363636363636
21 	12 	0.636363636364
86 	62 	0.581081081081
65 	19 	0.77380952381
49 	23 	0.680555555556
14 	2 	0.875
81 	31 	0.723214285714
78 	54 	0.590909090909
35 	15 	0.7
39 	24 	0.619047619048
110 	79 	0.582010582011
50 	24 	0.675675675676
11 	6 	0.647058823529
44 	23 	0.65671641791
54 	34 	0.613636363636
87 	25 	0.776785714286
8 	12 	0.4
23 	17 	0.575
28 	26 	0.518518518519
18 	14 	0.5625
19 	26 	0.422222222222
24 	8 	0.75
29 	37 	0.439393939394
86 	69 	0.554838709677
55 	23 	0.705128205128
59 	48 	0.551401869159
40 	12 	0.769230769231
8 	11 	0.421052631579
13 	22 	0.371428571429
32 	19 	0.627450980392
85 	38 	0.691056910569
31 	27 	0.534482758621
509 	52 	0.907308377897
11 	6 	0.647058823529
122 	40 	0.753086419753
74 	126 	0.37
27 	6 	0.818181818182
96 	27 	0.780487804878
89 	33 	0.729508196721
57 	42 	0.575757575758
48 	22 	0.685714285714
14 	6 	0.7
177 	30 	0.855072463768
25 	35 	0.416666666667
53 	17 	0.757142857143
505 	360 	0.583815028902
44 	67 	0.396396396396
107 	36 	0.748251748252
8 	19 	0.296296296296
44 	19 	0.698412698413
63 	33 	0.65625
52 	29 	0.641975308642
198 	134 	0.596385542169
130 	57 	0.695187165775
109 	55 	0.664634146341
13 	10 	0.565217391304
10 	22 	0.3125
26 	17 	0.604651162791
23 	27 	0.46
15 	1 	0.9375
19 	8 	0.703703703704
63 	7 	0.9
56 	28 	0.666666666667
32 	14 	0.695652173913
16 	1 	0.941176470588
13 	5 	0.722222222222
31 	20 	0.607843137255
12 	16 	0.428571428571
78 	48 	0.619047619048
82 	56 	0.594202898551
12 	6 	0.666666666667
6 	22 	0.214285714286
46 	5 	0.901960784314
28 	18 	0.608695652174
18 	8 	0.692307692308
22 	13 	0.628571428571
52 	4 	0.928571428571
6 	9 	0.4
34 	18 	0.653846153846
37 	44 	0.456790123457
17 	19 	0.472222222222
24 	22 	0.521739130435
27 	1 	0.964285714286
85 	76 	0.527950310559
106 	34 	0.757142857143
15 	15 	0.5
77 	2 	0.974683544304
338 	5 	0.985422740525
22 	21 	0.511627906977
