20 	28 	0.416666666667
8 	4 	0.666666666667
19 	12 	0.612903225806
22 	15 	0.594594594595
88 	86 	0.505747126437
27 	2 	0.931034482759
32 	28 	0.533333333333
55 	66 	0.454545454545
16 	21 	0.432432432432
17 	17 	0.5
93 	97 	0.489473684211
5 	17 	0.227272727273
23 	10 	0.69696969697
85 	63 	0.574324324324
62 	22 	0.738095238095
44 	28 	0.611111111111
13 	3 	0.8125
74 	38 	0.660714285714
83 	49 	0.628787878788
34 	16 	0.68
45 	18 	0.714285714286
112 	77 	0.592592592593
45 	29 	0.608108108108
11 	6 	0.647058823529
41 	26 	0.611940298507
64 	24 	0.727272727273
88 	24 	0.785714285714
6 	14 	0.3
20 	20 	0.5
25 	29 	0.462962962963
11 	21 	0.34375
25 	20 	0.555555555556
18 	14 	0.5625
32 	34 	0.484848484848
86 	69 	0.554838709677
52 	26 	0.666666666667
58 	49 	0.542056074766
40 	12 	0.769230769231
9 	10 	0.473684210526
20 	15 	0.571428571429
29 	22 	0.56862745098
92 	31 	0.747967479675
37 	21 	0.637931034483
513 	48 	0.914438502674
11 	6 	0.647058823529
124 	38 	0.765432098765
78 	122 	0.39
29 	4 	0.878787878788
94 	29 	0.764227642276
89 	33 	0.729508196721
57 	42 	0.575757575758
41 	29 	0.585714285714
11 	9 	0.55
177 	30 	0.855072463768
27 	33 	0.45
52 	18 	0.742857142857
469 	396 	0.542196531792
39 	72 	0.351351351351
108 	35 	0.755244755245
6 	21 	0.222222222222
43 	20 	0.68253968254
64 	32 	0.666666666667
48 	33 	0.592592592593
195 	137 	0.58734939759
143 	44 	0.764705882353
112 	52 	0.682926829268
15 	8 	0.652173913043
16 	16 	0.5
21 	22 	0.488372093023
25 	25 	0.5
14 	2 	0.875
17 	10 	0.62962962963
63 	7 	0.9
49 	35 	0.583333333333
29 	17 	0.630434782609
16 	1 	0.941176470588
15 	3 	0.833333333333
28 	23 	0.549019607843
10 	18 	0.357142857143
79 	47 	0.626984126984
84 	54 	0.608695652174
11 	7 	0.611111111111
10 	18 	0.357142857143
46 	5 	0.901960784314
31 	15 	0.673913043478
20 	6 	0.769230769231
23 	12 	0.657142857143
52 	4 	0.928571428571
5 	10 	0.333333333333
34 	18 	0.653846153846
40 	41 	0.493827160494
19 	17 	0.527777777778
21 	25 	0.45652173913
27 	1 	0.964285714286
87 	74 	0.540372670807
102 	38 	0.728571428571
19 	11 	0.633333333333
77 	2 	0.974683544304
338 	5 	0.985422740525
19 	24 	0.441860465116
