25 	23 	0.520833333333
7 	5 	0.583333333333
18 	13 	0.58064516129
24 	13 	0.648648648649
88 	86 	0.505747126437
27 	2 	0.931034482759
33 	27 	0.55
57 	64 	0.471074380165
20 	17 	0.540540540541
18 	16 	0.529411764706
98 	92 	0.515789473684
7 	15 	0.318181818182
23 	10 	0.69696969697
84 	64 	0.567567567568
65 	19 	0.77380952381
49 	23 	0.680555555556
14 	2 	0.875
79 	33 	0.705357142857
80 	52 	0.606060606061
35 	15 	0.7
41 	22 	0.650793650794
110 	79 	0.582010582011
50 	24 	0.675675675676
11 	6 	0.647058823529
42 	25 	0.626865671642
55 	33 	0.625
88 	24 	0.785714285714
7 	13 	0.35
23 	17 	0.575
27 	27 	0.5
18 	14 	0.5625
22 	23 	0.488888888889
24 	8 	0.75
33 	33 	0.5
90 	65 	0.58064516129
54 	24 	0.692307692308
62 	45 	0.579439252336
41 	11 	0.788461538462
5 	14 	0.263157894737
14 	21 	0.4
32 	19 	0.627450980392
88 	35 	0.715447154472
32 	26 	0.551724137931
513 	48 	0.914438502674
11 	6 	0.647058823529
123 	39 	0.759259259259
74 	126 	0.37
27 	6 	0.818181818182
95 	28 	0.772357723577
92 	30 	0.754098360656
57 	42 	0.575757575758
50 	20 	0.714285714286
14 	6 	0.7
178 	29 	0.859903381643
25 	35 	0.416666666667
51 	19 	0.728571428571
510 	355 	0.589595375723
46 	65 	0.414414414414
108 	35 	0.755244755245
8 	19 	0.296296296296
45 	18 	0.714285714286
59 	37 	0.614583333333
49 	32 	0.604938271605
200 	132 	0.602409638554
129 	58 	0.689839572193
108 	56 	0.658536585366
13 	10 	0.565217391304
11 	21 	0.34375
27 	16 	0.627906976744
26 	24 	0.52
16 	0 	1.0
19 	8 	0.703703703704
63 	7 	0.9
55 	29 	0.654761904762
30 	16 	0.652173913043
16 	1 	0.941176470588
14 	4 	0.777777777778
34 	17 	0.666666666667
12 	16 	0.428571428571
75 	51 	0.595238095238
78 	60 	0.565217391304
12 	6 	0.666666666667
8 	20 	0.285714285714
46 	5 	0.901960784314
28 	18 	0.608695652174
18 	8 	0.692307692308
24 	11 	0.685714285714
52 	4 	0.928571428571
5 	10 	0.333333333333
34 	18 	0.653846153846
40 	41 	0.493827160494
16 	20 	0.444444444444
26 	20 	0.565217391304
27 	1 	0.964285714286
83 	78 	0.515527950311
108 	32 	0.771428571429
14 	16 	0.466666666667
77 	2 	0.974683544304
338 	5 	0.985422740525
25 	18 	0.581395348837
