18 	30 	0.375
8 	4 	0.666666666667
18 	13 	0.58064516129
20 	17 	0.540540540541
89 	85 	0.511494252874
27 	2 	0.931034482759
35 	25 	0.583333333333
50 	71 	0.413223140496
15 	22 	0.405405405405
17 	17 	0.5
102 	88 	0.536842105263
6 	16 	0.272727272727
21 	12 	0.636363636364
80 	68 	0.540540540541
62 	22 	0.738095238095
45 	27 	0.625
15 	1 	0.9375
78 	34 	0.696428571429
79 	53 	0.598484848485
34 	16 	0.68
45 	18 	0.714285714286
112 	77 	0.592592592593
45 	29 	0.608108108108
11 	6 	0.647058823529
43 	24 	0.641791044776
61 	27 	0.693181818182
84 	28 	0.75
5 	15 	0.25
20 	20 	0.5
27 	27 	0.5
13 	19 	0.40625
26 	19 	0.577777777778
19 	13 	0.59375
31 	35 	0.469696969697
88 	67 	0.567741935484
50 	28 	0.641025641026
57 	50 	0.532710280374
40 	12 	0.769230769231
7 	12 	0.368421052632
20 	15 	0.571428571429
28 	23 	0.549019607843
90 	33 	0.731707317073
35 	23 	0.603448275862
511 	50 	0.910873440285
11 	6 	0.647058823529
122 	40 	0.753086419753
74 	126 	0.37
26 	7 	0.787878787879
97 	26 	0.788617886179
85 	37 	0.696721311475
53 	46 	0.535353535354
44 	26 	0.628571428571
11 	9 	0.55
175 	32 	0.845410628019
30 	30 	0.5
53 	17 	0.757142857143
471 	394 	0.54450867052
39 	72 	0.351351351351
104 	39 	0.727272727273
6 	21 	0.222222222222
46 	17 	0.730158730159
56 	40 	0.583333333333
45 	36 	0.555555555556
192 	140 	0.578313253012
147 	40 	0.786096256684
112 	52 	0.682926829268
17 	6 	0.739130434783
18 	14 	0.5625
19 	24 	0.441860465116
24 	26 	0.48
14 	2 	0.875
16 	11 	0.592592592593
63 	7 	0.9
45 	39 	0.535714285714
29 	17 	0.630434782609
16 	1 	0.941176470588
15 	3 	0.833333333333
31 	20 	0.607843137255
13 	15 	0.464285714286
80 	46 	0.634920634921
82 	56 	0.594202898551
11 	7 	0.611111111111
5 	23 	0.178571428571
46 	5 	0.901960784314
30 	16 	0.652173913043
19 	7 	0.730769230769
26 	9 	0.742857142857
52 	4 	0.928571428571
5 	10 	0.333333333333
34 	18 	0.653846153846
42 	39 	0.518518518519
20 	16 	0.555555555556
18 	28 	0.391304347826
27 	1 	0.964285714286
87 	74 	0.540372670807
101 	39 	0.721428571429
18 	12 	0.6
77 	2 	0.974683544304
338 	5 	0.985422740525
16 	27 	0.372093023256
