23 	25 	0.479166666667
7 	5 	0.583333333333
18 	13 	0.58064516129
21 	16 	0.567567567568
86 	88 	0.494252873563
27 	2 	0.931034482759
32 	28 	0.533333333333
58 	63 	0.479338842975
18 	19 	0.486486486486
17 	17 	0.5
95 	95 	0.5
7 	15 	0.318181818182
22 	11 	0.666666666667
82 	66 	0.554054054054
62 	22 	0.738095238095
44 	28 	0.611111111111
13 	3 	0.8125
76 	36 	0.678571428571
85 	47 	0.643939393939
34 	16 	0.68
45 	18 	0.714285714286
110 	79 	0.582010582011
49 	25 	0.662162162162
11 	6 	0.647058823529
38 	29 	0.567164179104
62 	26 	0.704545454545
87 	25 	0.776785714286
6 	14 	0.3
20 	20 	0.5
26 	28 	0.481481481481
11 	21 	0.34375
27 	18 	0.6
19 	13 	0.59375
31 	35 	0.469696969697
93 	62 	0.6
53 	25 	0.679487179487
59 	48 	0.551401869159
38 	14 	0.730769230769
9 	10 	0.473684210526
19 	16 	0.542857142857
28 	23 	0.549019607843
94 	29 	0.764227642276
33 	25 	0.568965517241
511 	50 	0.910873440285
11 	6 	0.647058823529
123 	39 	0.759259259259
73 	127 	0.365
29 	4 	0.878787878788
91 	32 	0.739837398374
90 	32 	0.737704918033
63 	36 	0.636363636364
43 	27 	0.614285714286
11 	9 	0.55
178 	29 	0.859903381643
26 	34 	0.433333333333
52 	18 	0.742857142857
483 	382 	0.55838150289
35 	76 	0.315315315315
104 	39 	0.727272727273
5 	22 	0.185185185185
44 	19 	0.698412698413
64 	32 	0.666666666667
45 	36 	0.555555555556
195 	137 	0.58734939759
145 	42 	0.775401069519
115 	49 	0.701219512195
15 	8 	0.652173913043
16 	16 	0.5
21 	22 	0.488372093023
25 	25 	0.5
14 	2 	0.875
15 	12 	0.555555555556
63 	7 	0.9
49 	35 	0.583333333333
28 	18 	0.608695652174
16 	1 	0.941176470588
15 	3 	0.833333333333
30 	21 	0.588235294118
10 	18 	0.357142857143
82 	44 	0.650793650794
85 	53 	0.615942028986
11 	7 	0.611111111111
10 	18 	0.357142857143
46 	5 	0.901960784314
31 	15 	0.673913043478
20 	6 	0.769230769231
23 	12 	0.657142857143
52 	4 	0.928571428571
6 	9 	0.4
35 	17 	0.673076923077
36 	45 	0.444444444444
20 	16 	0.555555555556
21 	25 	0.45652173913
27 	1 	0.964285714286
83 	78 	0.515527950311
103 	37 	0.735714285714
20 	10 	0.666666666667
77 	2 	0.974683544304
338 	5 	0.985422740525
18 	25 	0.418604651163
