23 	25 	0.479166666667
7 	5 	0.583333333333
17 	14 	0.548387096774
21 	16 	0.567567567568
88 	86 	0.505747126437
27 	2 	0.931034482759
36 	24 	0.6
53 	68 	0.438016528926
16 	21 	0.432432432432
18 	16 	0.529411764706
87 	103 	0.457894736842
8 	14 	0.363636363636
20 	13 	0.606060606061
83 	65 	0.560810810811
62 	22 	0.738095238095
43 	29 	0.597222222222
13 	3 	0.8125
79 	33 	0.705357142857
79 	53 	0.598484848485
35 	15 	0.7
43 	20 	0.68253968254
114 	75 	0.603174603175
49 	25 	0.662162162162
11 	6 	0.647058823529
41 	26 	0.611940298507
62 	26 	0.704545454545
85 	27 	0.758928571429
7 	13 	0.35
20 	20 	0.5
28 	26 	0.518518518519
13 	19 	0.40625
26 	19 	0.577777777778
19 	13 	0.59375
32 	34 	0.484848484848
89 	66 	0.574193548387
53 	25 	0.679487179487
58 	49 	0.542056074766
37 	15 	0.711538461538
8 	11 	0.421052631579
21 	14 	0.6
27 	24 	0.529411764706
93 	30 	0.756097560976
33 	25 	0.568965517241
510 	51 	0.909090909091
11 	6 	0.647058823529
124 	38 	0.765432098765
72 	128 	0.36
28 	5 	0.848484848485
94 	29 	0.764227642276
87 	35 	0.713114754098
59 	40 	0.59595959596
42 	28 	0.6
14 	6 	0.7
176 	31 	0.850241545894
26 	34 	0.433333333333
52 	18 	0.742857142857
485 	380 	0.560693641618
36 	75 	0.324324324324
102 	41 	0.713286713287
5 	22 	0.185185185185
47 	16 	0.746031746032
65 	31 	0.677083333333
44 	37 	0.543209876543
190 	142 	0.572289156627
142 	45 	0.75935828877
112 	52 	0.682926829268
17 	6 	0.739130434783
16 	16 	0.5
18 	25 	0.418604651163
26 	24 	0.52
14 	2 	0.875
16 	11 	0.592592592593
63 	7 	0.9
47 	37 	0.559523809524
29 	17 	0.630434782609
16 	1 	0.941176470588
15 	3 	0.833333333333
30 	21 	0.588235294118
13 	15 	0.464285714286
84 	42 	0.666666666667
85 	53 	0.615942028986
11 	7 	0.611111111111
9 	19 	0.321428571429
46 	5 	0.901960784314
30 	16 	0.652173913043
20 	6 	0.769230769231
23 	12 	0.657142857143
52 	4 	0.928571428571
6 	9 	0.4
35 	17 	0.673076923077
37 	44 	0.456790123457
20 	16 	0.555555555556
17 	29 	0.369565217391
27 	1 	0.964285714286
90 	71 	0.55900621118
103 	37 	0.735714285714
18 	12 	0.6
77 	2 	0.974683544304
338 	5 	0.985422740525
16 	27 	0.372093023256
