19 	29 	0.395833333333
8 	4 	0.666666666667
18 	13 	0.58064516129
20 	17 	0.540540540541
91 	83 	0.522988505747
27 	2 	0.931034482759
34 	26 	0.566666666667
50 	71 	0.413223140496
14 	23 	0.378378378378
17 	17 	0.5
93 	97 	0.489473684211
7 	15 	0.318181818182
22 	11 	0.666666666667
80 	68 	0.540540540541
61 	23 	0.72619047619
42 	30 	0.583333333333
15 	1 	0.9375
78 	34 	0.696428571429
80 	52 	0.606060606061
34 	16 	0.68
44 	19 	0.698412698413
117 	72 	0.619047619048
46 	28 	0.621621621622
11 	6 	0.647058823529
43 	24 	0.641791044776
61 	27 	0.693181818182
83 	29 	0.741071428571
6 	14 	0.3
19 	21 	0.475
28 	26 	0.518518518519
13 	19 	0.40625
25 	20 	0.555555555556
18 	14 	0.5625
31 	35 	0.469696969697
91 	64 	0.587096774194
51 	27 	0.653846153846
58 	49 	0.542056074766
38 	14 	0.730769230769
9 	10 	0.473684210526
19 	16 	0.542857142857
28 	23 	0.549019607843
91 	32 	0.739837398374
35 	23 	0.603448275862
509 	52 	0.907308377897
11 	6 	0.647058823529
123 	39 	0.759259259259
74 	126 	0.37
28 	5 	0.848484848485
96 	27 	0.780487804878
87 	35 	0.713114754098
59 	40 	0.59595959596
46 	24 	0.657142857143
14 	6 	0.7
175 	32 	0.845410628019
28 	32 	0.466666666667
52 	18 	0.742857142857
477 	388 	0.551445086705
42 	69 	0.378378378378
102 	41 	0.713286713287
5 	22 	0.185185185185
44 	19 	0.698412698413
61 	35 	0.635416666667
47 	34 	0.58024691358
192 	140 	0.578313253012
146 	41 	0.780748663102
110 	54 	0.670731707317
18 	5 	0.782608695652
16 	16 	0.5
19 	24 	0.441860465116
26 	24 	0.52
14 	2 	0.875
15 	12 	0.555555555556
63 	7 	0.9
49 	35 	0.583333333333
28 	18 	0.608695652174
16 	1 	0.941176470588
15 	3 	0.833333333333
30 	21 	0.588235294118
13 	15 	0.464285714286
82 	44 	0.650793650794
81 	57 	0.586956521739
11 	7 	0.611111111111
8 	20 	0.285714285714
46 	5 	0.901960784314
31 	15 	0.673913043478
20 	6 	0.769230769231
23 	12 	0.657142857143
52 	4 	0.928571428571
7 	8 	0.466666666667
34 	18 	0.653846153846
36 	45 	0.444444444444
20 	16 	0.555555555556
19 	27 	0.413043478261
27 	1 	0.964285714286
87 	74 	0.540372670807
101 	39 	0.721428571429
19 	11 	0.633333333333
77 	2 	0.974683544304
338 	5 	0.985422740525
18 	25 	0.418604651163
