18 	30 	0.375
8 	4 	0.666666666667
19 	12 	0.612903225806
18 	19 	0.486486486486
90 	84 	0.51724137931
27 	2 	0.931034482759
32 	28 	0.533333333333
52 	69 	0.429752066116
19 	18 	0.513513513514
17 	17 	0.5
100 	90 	0.526315789474
3 	19 	0.136363636364
22 	11 	0.666666666667
84 	64 	0.567567567568
62 	22 	0.738095238095
47 	25 	0.652777777778
15 	1 	0.9375
74 	38 	0.660714285714
82 	50 	0.621212121212
33 	17 	0.66
45 	18 	0.714285714286
112 	77 	0.592592592593
43 	31 	0.581081081081
11 	6 	0.647058823529
41 	26 	0.611940298507
64 	24 	0.727272727273
87 	25 	0.776785714286
5 	15 	0.25
16 	24 	0.4
26 	28 	0.481481481481
10 	22 	0.3125
24 	21 	0.533333333333
17 	15 	0.53125
32 	34 	0.484848484848
87 	68 	0.561290322581
52 	26 	0.666666666667
58 	49 	0.542056074766
39 	13 	0.75
8 	11 	0.421052631579
18 	17 	0.514285714286
31 	20 	0.607843137255
91 	32 	0.739837398374
35 	23 	0.603448275862
513 	48 	0.914438502674
11 	6 	0.647058823529
122 	40 	0.753086419753
77 	123 	0.385
27 	6 	0.818181818182
100 	23 	0.813008130081
86 	36 	0.704918032787
54 	45 	0.545454545455
44 	26 	0.628571428571
10 	10 	0.5
176 	31 	0.850241545894
28 	32 	0.466666666667
53 	17 	0.757142857143
476 	389 	0.550289017341
35 	76 	0.315315315315
106 	37 	0.741258741259
7 	20 	0.259259259259
45 	18 	0.714285714286
60 	36 	0.625
48 	33 	0.592592592593
196 	136 	0.590361445783
147 	40 	0.786096256684
116 	48 	0.707317073171
15 	8 	0.652173913043
16 	16 	0.5
15 	28 	0.348837209302
25 	25 	0.5
14 	2 	0.875
17 	10 	0.62962962963
63 	7 	0.9
48 	36 	0.571428571429
27 	19 	0.586956521739
16 	1 	0.941176470588
15 	3 	0.833333333333
30 	21 	0.588235294118
10 	18 	0.357142857143
80 	46 	0.634920634921
84 	54 	0.608695652174
11 	7 	0.611111111111
8 	20 	0.285714285714
46 	5 	0.901960784314
30 	16 	0.652173913043
20 	6 	0.769230769231
26 	9 	0.742857142857
52 	4 	0.928571428571
5 	10 	0.333333333333
35 	17 	0.673076923077
41 	40 	0.506172839506
20 	16 	0.555555555556
19 	27 	0.413043478261
27 	1 	0.964285714286
86 	75 	0.534161490683
102 	38 	0.728571428571
19 	11 	0.633333333333
77 	2 	0.974683544304
338 	5 	0.985422740525
19 	24 	0.441860465116
