24 24 0.5
6 6 0.5
18 13 0.58064516129
22 15 0.594594594595
79 95 0.454022988506
27 2 0.931034482759
20 40 0.333333333333
40 81 0.330578512397
21 16 0.567567567568
18 16 0.529411764706
92 98 0.484210526316
5 17 0.227272727273
73 75 0.493243243243
18 15 0.545454545455
58 26 0.690476190476
49 23 0.680555555556
13 3 0.8125
52 60 0.464285714286
76 56 0.575757575758
32 18 0.64
44 19 0.698412698413
112 77 0.592592592593
44 30 0.594594594595
12 5 0.705882352941
33 34 0.492537313433
37 51 0.420454545455
89 23 0.794642857143
10 10 0.5
19 21 0.475
27 27 0.5
10 22 0.3125
24 21 0.533333333333
9 23 0.28125
35 31 0.530303030303
86 69 0.554838709677
43 35 0.551282051282
59 48 0.551401869159
37 15 0.711538461538
4 15 0.210526315789
17 18 0.485714285714
24 27 0.470588235294
88 35 0.715447154472
14 44 0.241379310345
521 40 0.928698752228
11 6 0.647058823529
122 40 0.753086419753
71 129 0.355
13 20 0.393939393939
90 33 0.731707317073
92 30 0.754098360656
52 47 0.525252525253
36 34 0.514285714286
9 11 0.45
180 27 0.869565217391
26 34 0.433333333333
514 351 0.594219653179
52 18 0.742857142857
34 77 0.306306306306
106 37 0.741258741259
6 21 0.222222222222
42 21 0.666666666667
64 32 0.666666666667
51 30 0.62962962963
197 135 0.593373493976
122 65 0.652406417112
105 59 0.640243902439
6 17 0.260869565217
14 18 0.4375
17 26 0.395348837209
19 31 0.38
14 2 0.875
10 17 0.37037037037
63 7 0.9
43 41 0.511904761905
23 23 0.5
16 1 0.941176470588
15 3 0.833333333333
29 22 0.56862745098
13 15 0.464285714286
65 61 0.515873015873
82 56 0.594202898551
11 7 0.611111111111
6 22 0.214285714286
46 5 0.901960784314
27 19 0.586956521739
20 6 0.769230769231
17 18 0.485714285714
52 4 0.928571428571
7 8 0.466666666667
30 22 0.576923076923
26 55 0.320987654321
18 18 0.5
22 24 0.478260869565
27 1 0.964285714286
80 81 0.496894409938
96 44 0.685714285714
16 14 0.533333333333
77 2 0.974683544304
338 5 0.985422740525
18 25 0.418604651163
