18	30	0.375
2	10	0.166666666667
5	26	0.161290322581
11	26	0.297297297297
26	148	0.149425287356
17	12	0.586206896552
13	47	0.216666666667
29	92	0.239669421488
18	19	0.486486486486
10	24	0.294117647059
52	138	0.273684210526
8	14	0.363636363636
34	114	0.22972972973
10	23	0.30303030303
16	68	0.190476190476
11	61	0.152777777778
11	5	0.6875
18	94	0.160714285714
18	114	0.136363636364
14	36	0.28
15	48	0.238095238095
59	130	0.312169312169
12	62	0.162162162162
2	15	0.117647058824
23	44	0.34328358209
42	46	0.477272727273
35	77	0.3125
7	13	0.35
7	33	0.175
12	42	0.222222222222
12	20	0.375
16	29	0.355555555556
11	21	0.34375
20	46	0.30303030303
28	127	0.18064516129
9	69	0.115384615385
24	83	0.224299065421
16	36	0.307692307692
4	15	0.210526315789
8	27	0.228571428571
15	36	0.294117647059
26	97	0.211382113821
13	45	0.224137931034
138	423	0.245989304813
11	6	0.647058823529
24	138	0.148148148148
40	160	0.2
19	14	0.575757575758
62	61	0.50406504065
39	83	0.319672131148
17	82	0.171717171717
40	30	0.571428571429
7	13	0.35
58	149	0.280193236715
16	44	0.266666666667
170	695	0.196531791908
14	56	0.2
15	96	0.135135135135
67	76	0.468531468531
7	20	0.259259259259
12	51	0.190476190476
16	80	0.166666666667
20	61	0.246913580247
73	259	0.219879518072
47	140	0.251336898396
79	85	0.481707317073
7	16	0.304347826087
13	19	0.40625
5	38	0.116279069767
11	39	0.22
9	7	0.5625
11	16	0.407407407407
36	34	0.514285714286
38	46	0.452380952381
20	26	0.434782608696
9	8	0.529411764706
8	10	0.444444444444
19	32	0.372549019608
4	24	0.142857142857
34	92	0.269841269841
24	114	0.173913043478
4	14	0.222222222222
1	27	0.0357142857143
15	36	0.294117647059
8	38	0.173913043478
12	14	0.461538461538
19	16	0.542857142857
29	27	0.517857142857
2	13	0.133333333333
17	35	0.326923076923
24	57	0.296296296296
10	26	0.277777777778
10	36	0.217391304348
15	13	0.535714285714
57	104	0.354037267081
48	92	0.342857142857
9	21	0.3
41	38	0.518987341772
172	171	0.501457725948
4	39	0.093023255814
