17	31	0.354166666667
6	6	0.5
4	27	0.129032258065
9	28	0.243243243243
28	146	0.16091954023
11	18	0.379310344828
13	47	0.216666666667
28	93	0.231404958678
18	19	0.486486486486
11	23	0.323529411765
35	155	0.184210526316
6	16	0.272727272727
37	111	0.25
5	28	0.151515151515
18	66	0.214285714286
14	58	0.194444444444
8	8	0.5
20	92	0.178571428571
21	111	0.159090909091
12	38	0.24
14	49	0.222222222222
40	149	0.21164021164
21	53	0.283783783784
7	10	0.411764705882
24	43	0.358208955224
47	41	0.534090909091
32	80	0.285714285714
10	10	0.5
9	31	0.225
15	39	0.277777777778
3	29	0.09375
16	29	0.355555555556
13	19	0.40625
13	53	0.19696969697
22	133	0.141935483871
16	62	0.205128205128
26	81	0.242990654206
13	39	0.25
7	12	0.368421052632
7	28	0.2
10	41	0.196078431373
26	97	0.211382113821
4	54	0.0689655172414
163	398	0.29055258467
10	7	0.588235294118
29	133	0.179012345679
43	157	0.215
14	19	0.424242424242
72	51	0.585365853659
39	83	0.319672131148
18	81	0.181818181818
34	36	0.485714285714
7	13	0.35
61	146	0.294685990338
14	46	0.233333333333
146	719	0.168786127168
13	57	0.185714285714
12	99	0.108108108108
77	66	0.538461538462
5	22	0.185185185185
17	46	0.269841269841
12	84	0.125
24	57	0.296296296296
78	254	0.234939759036
62	125	0.331550802139
86	78	0.524390243902
6	17	0.260869565217
12	20	0.375
8	35	0.186046511628
9	41	0.18
12	4	0.75
10	17	0.37037037037
30	40	0.428571428571
48	36	0.571428571429
21	25	0.45652173913
10	7	0.588235294118
5	13	0.277777777778
19	32	0.372549019608
8	20	0.285714285714
43	83	0.34126984127
37	101	0.268115942029
8	10	0.444444444444
6	22	0.214285714286
11	40	0.21568627451
7	39	0.152173913043
11	15	0.423076923077
14	21	0.4
24	32	0.428571428571
1	14	0.0666666666667
14	38	0.269230769231
28	53	0.345679012346
6	30	0.166666666667
13	33	0.282608695652
18	10	0.642857142857
50	111	0.310559006211
57	83	0.407142857143
7	23	0.233333333333
36	43	0.455696202532
166	177	0.483965014577
6	37	0.139534883721
