23 	25 	0.479166666667
7 	5 	0.583333333333
15 	16 	0.483870967742
21 	16 	0.567567567568
83 	91 	0.477011494253
27 	2 	0.931034482759
33 	27 	0.55
38 	83 	0.314049586777
20 	17 	0.540540540541
17 	17 	0.5
109 	81 	0.573684210526
10 	12 	0.454545454545
73 	75 	0.493243243243
22 	11 	0.666666666667
63 	21 	0.75
49 	23 	0.680555555556
13 	3 	0.8125
69 	43 	0.616071428571
85 	47 	0.643939393939
34 	16 	0.68
43 	20 	0.68253968254
107 	82 	0.566137566138
56 	18 	0.756756756757
12 	5 	0.705882352941
35 	32 	0.522388059701
50 	38 	0.568181818182
86 	26 	0.767857142857
9 	11 	0.45
19 	21 	0.475
28 	26 	0.518518518519
14 	18 	0.4375
29 	16 	0.644444444444
21 	11 	0.65625
34 	32 	0.515151515152
91 	64 	0.587096774194
48 	30 	0.615384615385
63 	44 	0.588785046729
39 	13 	0.75
6 	13 	0.315789473684
14 	21 	0.4
26 	25 	0.509803921569
85 	38 	0.691056910569
26 	32 	0.448275862069
532 	29 	0.948306595365
6 	11 	0.352941176471
122 	40 	0.753086419753
73 	127 	0.365
12 	21 	0.363636363636
89 	34 	0.723577235772
94 	28 	0.770491803279
55 	44 	0.555555555556
38 	32 	0.542857142857
8 	12 	0.4
177 	30 	0.855072463768
28 	32 	0.466666666667
545 	320 	0.630057803468
49 	21 	0.7
43 	68 	0.387387387387
107 	36 	0.748251748252
8 	19 	0.296296296296
45 	18 	0.714285714286
71 	25 	0.739583333333
55 	26 	0.679012345679
202 	130 	0.60843373494
149 	38 	0.79679144385
117 	47 	0.713414634146
11 	12 	0.478260869565
11 	21 	0.34375
22 	21 	0.511627906977
23 	27 	0.46
14 	2 	0.875
14 	13 	0.518518518519
63 	7 	0.9
50 	34 	0.595238095238
27 	19 	0.586956521739
16 	1 	0.941176470588
15 	3 	0.833333333333
29 	22 	0.56862745098
13 	15 	0.464285714286
68 	58 	0.539682539683
47 	91 	0.340579710145
11 	7 	0.611111111111
13 	15 	0.464285714286
46 	5 	0.901960784314
25 	21 	0.54347826087
20 	6 	0.769230769231
17 	18 	0.485714285714
52 	4 	0.928571428571
8 	7 	0.533333333333
33 	19 	0.634615384615
32 	49 	0.395061728395
17 	19 	0.472222222222
19 	27 	0.413043478261
27 	1 	0.964285714286
88 	73 	0.546583850932
103 	37 	0.735714285714
10 	20 	0.333333333333
77 	2 	0.974683544304
337 	6 	0.98250728863
22 	21 	0.511627906977
