23 	25 	0.479166666667
18 	13 	0.58064516129
22 	15 	0.594594594595
76 	98 	0.436781609195
27 	2 	0.931034482759
18 	42 	0.3
40 	81 	0.330578512397
21 	16 	0.567567567568
17 	17 	0.5
93 	97 	0.489473684211
9 	13 	0.409090909091
76 	72 	0.513513513514
16 	17 	0.484848484848
62 	22 	0.738095238095
48 	24 	0.666666666667
70 	42 	0.625
82 	50 	0.621212121212
33 	17 	0.66
45 	18 	0.714285714286
114 	75 	0.603174603175
36 	38 	0.486486486486
43 	24 	0.641791044776
59 	29 	0.670454545455
90 	22 	0.803571428571
19 	21 	0.475
27 	27 	0.5
14 	18 	0.4375
26 	19 	0.577777777778
7 	25 	0.21875
34 	32 	0.515151515152
90 	65 	0.58064516129
41 	37 	0.525641025641
61 	46 	0.570093457944
36 	16 	0.692307692308
19 	16 	0.542857142857
31 	20 	0.607843137255
91 	32 	0.739837398374
28 	30 	0.48275862069
522 	39 	0.930481283422
124 	38 	0.765432098765
80 	120 	0.4
24 	9 	0.727272727273
86 	37 	0.69918699187
94 	28 	0.770491803279
52 	47 	0.525252525253
39 	31 	0.557142857143
178 	29 	0.859903381643
27 	33 	0.45
536 	329 	0.619653179191
52 	18 	0.742857142857
43 	68 	0.387387387387
100 	43 	0.699300699301
8 	19 	0.296296296296
44 	19 	0.698412698413
55 	41 	0.572916666667
43 	38 	0.530864197531
193 	139 	0.581325301205
137 	50 	0.732620320856
109 	55 	0.664634146341
12 	11 	0.521739130435
4 	28 	0.125
26 	17 	0.604651162791
21 	29 	0.42
13 	14 	0.481481481481
63 	7 	0.9
58 	26 	0.690476190476
23 	23 	0.5
29 	22 	0.56862745098
12 	16 	0.428571428571
72 	54 	0.571428571429
85 	53 	0.615942028986
6 	22 	0.214285714286
46 	5 	0.901960784314
30 	16 	0.652173913043
20 	6 	0.769230769231
17 	18 	0.485714285714
52 	4 	0.928571428571
37 	15 	0.711538461538
31 	50 	0.382716049383
16 	20 	0.444444444444
21 	25 	0.45652173913
27 	1 	0.964285714286
84 	77 	0.521739130435
107 	33 	0.764285714286
16 	14 	0.533333333333
77 	2 	0.974683544304
338 	5 	0.985422740525
17 	26 	0.395348837209
